0xAA00 1 0 0 1
0x4000 1 0 0 1
0x5555 1 0 0 1
0x5555 1 0 0 1
0x5555 1 0 0 1
0x5555 1 1 0 1
0x0026 1 0 0 1
0x0038 1 0 0 1
0x004D 1 0 0 1
0x002F 1 0 0 1
0x040D 1 0 0 1
0x0000 1 1 0 1
0x0000 1 0 1 0
0xAA04 1 0 0 1
0x4000 1 0 0 1
0x5555 1 0 0 1
0x5555 1 0 0 1
0x5555 1 0 0 1
0x5555 1 1 0 1
0x0026 1 0 0 1
0x0038 1 0 0 1
0x004D 1 0 0 1
0x002F 1 0 0 1
0x040D 1 0 0 1
0x0000 1 1 0 1
0x0000 1 0 1 0
0xAA08 1 0 0 1
0x4000 1 0 0 1
0x5555 1 0 0 1
0x5555 1 0 0 1
0x5555 1 0 0 1
0x5555 1 1 0 1
0x0026 1 0 0 1
0x0038 1 0 0 1
0x004D 1 0 0 1
0x002F 1 0 0 1
0x040D 1 0 0 1
0x0000 1 1 0 1
0x0000 1 0 1 0
0xAA0C 1 0 0 1
0x4000 1 0 0 1
0x5555 1 0 0 1
0x5555 1 0 0 1
0x5555 1 0 0 1
0x5555 1 1 0 1
0x0026 1 0 0 1
0x0038 1 0 0 1
0x004D 1 0 0 1
0x002F 1 0 0 1
0x040D 1 0 0 1
0x0000 1 1 0 1
0x0000 1 0 1 0
0xAA10 1 0 0 1
0x4000 1 0 0 1
0x5555 1 0 0 1
0x5555 1 0 0 1
0x5555 1 0 0 1
0x5555 1 1 0 1
0x0026 1 0 0 1
0x0038 1 0 0 1
0x004D 1 0 0 1
0x002F 1 0 0 1
0x040D 1 0 0 1
0x0000 1 1 0 1
0x0000 1 0 1 0
0xAA14 1 0 0 1
0x4000 1 0 0 1
0x5555 1 0 0 1
0x5555 1 0 0 1
0x5555 1 0 0 1
0x5555 1 1 0 1
0x0026 1 0 0 1
0x0038 1 0 0 1
0x004D 1 0 0 1
0x002F 1 0 0 1
0x040D 1 0 0 1
0x0000 1 1 0 1
0x0000 1 0 1 0
0xAA18 1 0 0 1
0x4000 1 0 0 1
0x5555 1 0 0 1
0x5555 1 0 0 1
0x5555 1 0 0 1
0x5555 1 1 0 1
0x0026 1 0 0 1
0x0038 1 0 0 1
0x004D 1 0 0 1
0x002F 1 0 0 1
0x040D 1 0 0 1
0x0000 1 1 0 1
0x0000 1 0 1 0
0xAA1C 1 0 0 1
0x4000 1 0 0 1
0x5555 1 0 0 1
0x5555 1 0 0 1
0x5555 1 0 0 1
0x5555 1 1 0 1
0x0026 1 0 0 1
0x0038 1 0 0 1
0x004D 1 0 0 1
0x002F 1 0 0 1
0x040D 1 0 0 1
0x0000 1 1 0 1
0x0000 1 0 1 0
0xAA20 1 0 0 1
0x4000 1 0 0 1
0x5555 1 0 0 1
0x5555 1 0 0 1
0x5555 1 0 0 1
0x5555 1 1 0 1
0x0026 1 0 0 1
0x0038 1 0 0 1
0x004D 1 0 0 1
0x002F 1 0 0 1
0x040D 1 0 0 1
0x0000 1 1 0 1
0x0000 1 0 1 0
0xAA24 1 0 0 1
0x4000 1 0 0 1
0x5555 1 0 0 1
0x5555 1 0 0 1
0x5555 1 0 0 1
0x5555 1 1 0 1
0x0026 1 0 0 1
0x0038 1 0 0 1
0x004D 1 0 0 1
0x002F 1 0 0 1
0x040D 1 0 0 1
0x0000 1 1 0 1
0x0000 1 0 1 0
0xAA28 1 0 0 1
0x4000 1 0 0 1
0x5555 1 0 0 1
0x5555 1 0 0 1
0x5555 1 0 0 1
0x5555 1 1 0 1
0x0026 1 0 0 1
0x0038 1 0 0 1
0x004D 1 0 0 1
0x002F 1 0 0 1
0x040D 1 0 0 1
0x0000 1 1 0 1
0x0000 1 0 1 0
0xAA2C 1 0 0 1
0x4000 1 0 0 1
0x5555 1 0 0 1
0x5555 1 0 0 1
0x5555 1 0 0 1
0x5555 1 1 0 1
0x0026 1 0 0 1
0x0038 1 0 0 1
0x004D 1 0 0 1
0x002F 1 0 0 1
0x040D 1 0 0 1
0x0000 1 1 0 1
0x0000 1 0 1 0
0xAA30 1 0 0 1
0x4000 1 0 0 1
0x5555 1 0 0 1
0x5555 1 0 0 1
0x5555 1 0 0 1
0x5555 1 1 0 1
0x0026 1 0 0 1
0x0038 1 0 0 1
0x004D 1 0 0 1
0x002F 1 0 0 1
0x040D 1 0 0 1
0x0000 1 1 0 1
0x0000 1 0 1 0
0xAA34 1 0 0 1
0x4000 1 0 0 1
0x5555 1 0 0 1
0x5555 1 0 0 1
0x5555 1 0 0 1
0x5555 1 1 0 1
0x0026 1 0 0 1
0x0038 1 0 0 1
0x004D 1 0 0 1
0x002F 1 0 0 1
0x040D 1 0 0 1
0x0000 1 1 0 1
0x0000 1 0 1 0
0xAA38 1 0 0 1
0x4000 1 0 0 1
0x5555 1 0 0 1
0x5555 1 0 0 1
0x5555 1 0 0 1
0x5555 1 1 0 1
0x0026 1 0 0 1
0x0038 1 0 0 1
0x004D 1 0 0 1
0x002F 1 0 0 1
0x040D 1 0 0 1
0x0000 1 1 0 1
0x0000 1 0 1 0
0xAA3C 1 0 0 1
0x4000 1 0 0 1
0x5555 1 0 0 1
0x5555 1 0 0 1
0x5555 1 0 0 1
0x5555 1 1 0 1
0x0026 1 0 0 1
0x0038 1 0 0 1
0x004D 1 0 0 1
0x002F 1 0 0 1
0x040D 1 0 0 1
0x0000 1 1 0 1
0x0000 1 0 1 0
0xAA40 1 0 0 1
0x4000 1 0 0 1
0x5555 1 0 0 1
0x5555 1 0 0 1
0x5555 1 0 0 1
0x5555 1 1 0 1
0x0026 1 0 0 1
0x0038 1 0 0 1
0x004D 1 0 0 1
0x002F 1 0 0 1
0x040D 1 0 0 1
0x0000 1 1 0 1
0x0000 1 0 1 0
0xAA44 1 0 0 1
0x4000 1 0 0 1
0x5555 1 0 0 1
0x5555 1 0 0 1
0x5555 1 0 0 1
0x5555 1 1 0 1
0x0026 1 0 0 1
0x0038 1 0 0 1
0x004D 1 0 0 1
0x002F 1 0 0 1
0x040D 1 0 0 1
0x0000 1 1 0 1
0x0000 1 0 1 0
0xAA48 1 0 0 1
0x4000 1 0 0 1
0x5555 1 0 0 1
0x5555 1 0 0 1
0x5555 1 0 0 1
0x5555 1 1 0 1
0x0026 1 0 0 1
0x0038 1 0 0 1
0x004D 1 0 0 1
0x002F 1 0 0 1
0x040D 1 0 0 1
0x0000 1 1 0 1
0x0000 1 0 1 0
0xAA4C 1 0 0 1
0x4000 1 0 0 1
0x5555 1 0 0 1
0x5555 1 0 0 1
0x5555 1 0 0 1
0x5555 1 1 0 1
0x0026 1 0 0 1
0x0038 1 0 0 1
0x004D 1 0 0 1
0x002F 1 0 0 1
0x040D 1 0 0 1
0x0000 1 1 0 1
0x0000 1 0 1 0
0xAA50 1 0 0 1
0x4000 1 0 0 1
0x5555 1 0 0 1
0x5555 1 0 0 1
0x5555 1 0 0 1
0x5555 1 1 0 1
0x0026 1 0 0 1
0x0038 1 0 0 1
0x004D 1 0 0 1
0x002F 1 0 0 1
0x040D 1 0 0 1
0x0000 1 1 0 1
0x0000 1 0 1 0
0xAA54 1 0 0 1
0x4000 1 0 0 1
0x5555 1 0 0 1
0x5555 1 0 0 1
0x5555 1 0 0 1
0x5555 1 1 0 1
0x0026 1 0 0 1
0x0038 1 0 0 1
0x004D 1 0 0 1
0x002F 1 0 0 1
0x040D 1 0 0 1
0x0000 1 1 0 1
0x0000 1 0 1 0
0xAA58 1 0 0 1
0x4000 1 0 0 1
0x5555 1 0 0 1
0x5555 1 0 0 1
0x5555 1 0 0 1
0x5555 1 1 0 1
0x0026 1 0 0 1
0x0038 1 0 0 1
0x004D 1 0 0 1
0x002F 1 0 0 1
0x040D 1 0 0 1
0x0000 1 1 0 1
0x0000 1 0 1 0
0xAA5C 1 0 0 1
0x4000 1 0 0 1
0x5555 1 0 0 1
0x5555 1 0 0 1
0x5555 1 0 0 1
0x5555 1 1 0 1
0x0026 1 0 0 1
0x0038 1 0 0 1
0x004D 1 0 0 1
0x002F 1 0 0 1
0x040D 1 0 0 1
0x0000 1 1 0 1
0x0000 1 0 1 0
0xAA60 1 0 0 1
0x4000 1 0 0 1
0x5555 1 0 0 1
0x5555 1 0 0 1
0x5555 1 0 0 1
0x5555 1 1 0 1
0x0026 1 0 0 1
0x0038 1 0 0 1
0x004D 1 0 0 1
0x002F 1 0 0 1
0x040D 1 0 0 1
0x0000 1 1 0 1
0x0000 1 0 1 0
0xAA64 1 0 0 1
0x4000 1 0 0 1
0x5555 1 0 0 1
0x5555 1 0 0 1
0x5555 1 0 0 1
0x5555 1 1 0 1
0x0026 1 0 0 1
0x0038 1 0 0 1
0x004D 1 0 0 1
0x002F 1 0 0 1
0x040D 1 0 0 1
0x0000 1 1 0 1
0x0000 1 0 1 0
0xAA68 1 0 0 1
0x4000 1 0 0 1
0x5555 1 0 0 1
0x5555 1 0 0 1
0x5555 1 0 0 1
0x5555 1 1 0 1
0x0026 1 0 0 1
0x0038 1 0 0 1
0x004D 1 0 0 1
0x002F 1 0 0 1
0x040D 1 0 0 1
0x0000 1 1 0 1
0x0000 1 0 1 0
0xAA6C 1 0 0 1
0x4000 1 0 0 1
0x5555 1 0 0 1
0x5555 1 0 0 1
0x5555 1 0 0 1
0x5555 1 1 0 1
0x0026 1 0 0 1
0x0038 1 0 0 1
0x004D 1 0 0 1
0x002F 1 0 0 1
0x040D 1 0 0 1
0x0000 1 1 0 1
0x0000 1 0 1 0
0xAA70 1 0 0 1
0x4000 1 0 0 1
0x5555 1 0 0 1
0x5555 1 0 0 1
0x5555 1 0 0 1
0x5555 1 1 0 1
0x0026 1 0 0 1
0x0038 1 0 0 1
0x004D 1 0 0 1
0x002F 1 0 0 1
0x040D 1 0 0 1
0x0000 1 1 0 1
0x0000 1 0 1 0
0xAA74 1 0 0 1
0x4000 1 0 0 1
0x5555 1 0 0 1
0x5555 1 0 0 1
0x5555 1 0 0 1
0x5555 1 1 0 1
0x0026 1 0 0 1
0x0038 1 0 0 1
0x004D 1 0 0 1
0x002F 1 0 0 1
0x040D 1 0 0 1
0x0000 1 1 0 1
0x0000 1 0 1 0
0xAA78 1 0 0 1
0x4000 1 0 0 1
0x5555 1 0 0 1
0x5555 1 0 0 1
0x5555 1 0 0 1
0x5555 1 1 0 1
0x0026 1 0 0 1
0x0038 1 0 0 1
0x004D 1 0 0 1
0x002F 1 0 0 1
0x040D 1 0 0 1
0x0000 1 1 0 1
0x0000 1 0 1 0
0xAA7C 1 0 0 1
0x4000 1 0 0 1
0x5555 1 0 0 1
0x5555 1 0 0 1
0x5555 1 0 0 1
0x5555 1 1 0 1
0x0026 1 0 0 1
0x0038 1 0 0 1
0x004D 1 0 0 1
0x002F 1 0 0 1
0x040D 1 0 0 1
0x0000 1 1 0 1
0x0000 1 0 1 0
0xAA80 1 0 0 1
0x4000 1 0 0 1
0x5555 1 0 0 1
0x5555 1 0 0 1
0x5555 1 0 0 1
0x5555 1 1 0 1
0x0026 1 0 0 1
0x0038 1 0 0 1
0x004D 1 0 0 1
0x002F 1 0 0 1
0x040D 1 0 0 1
0x0000 1 1 0 1
0x0000 1 0 1 0
0xAA84 1 0 0 1
0x4000 1 0 0 1
0x5555 1 0 0 1
0x5555 1 0 0 1
0x5555 1 0 0 1
0x5555 1 1 0 1
0x0026 1 0 0 1
0x0038 1 0 0 1
0x004D 1 0 0 1
0x002F 1 0 0 1
0x040D 1 0 0 1
0x0000 1 1 0 1
0x0000 1 0 1 0
0xAA88 1 0 0 1
0x4000 1 0 0 1
0x5555 1 0 0 1
0x5555 1 0 0 1
0x5555 1 0 0 1
0x5555 1 1 0 1
0x0026 1 0 0 1
0x0038 1 0 0 1
0x004D 1 0 0 1
0x002F 1 0 0 1
0x040D 1 0 0 1
0x0000 1 1 0 1
0x0000 1 0 1 0
0xAA8C 1 0 0 1
0x4000 1 0 0 1
0x5555 1 0 0 1
0x5555 1 0 0 1
0x5555 1 0 0 1
0x5555 1 1 0 1
0x0026 1 0 0 1
0x0038 1 0 0 1
0x004D 1 0 0 1
0x002F 1 0 0 1
0x040D 1 0 0 1
0x0000 1 1 0 1
0x0000 1 0 1 0
0xAA90 1 0 0 1
0x4000 1 0 0 1
0x5555 1 0 0 1
0x5555 1 0 0 1
0x5555 1 0 0 1
0x5555 1 1 0 1
0x0026 1 0 0 1
0x0038 1 0 0 1
0x004D 1 0 0 1
0x002F 1 0 0 1
0x040D 1 0 0 1
0x0000 1 1 0 1
0x0000 1 0 1 0
0xAA94 1 0 0 1
0x4000 1 0 0 1
0x5555 1 0 0 1
0x5555 1 0 0 1
0x5555 1 0 0 1
0x5555 1 1 0 1
0x0026 1 0 0 1
0x0038 1 0 0 1
0x004D 1 0 0 1
0x002F 1 0 0 1
0x040D 1 0 0 1
0x0000 1 1 0 1
0x0000 1 0 1 0
0xAA98 1 0 0 1
0x4000 1 0 0 1
0x5555 1 0 0 1
0x5555 1 0 0 1
0x5555 1 0 0 1
0x5555 1 1 0 1
0x0026 1 0 0 1
0x0038 1 0 0 1
0x004D 1 0 0 1
0x002F 1 0 0 1
0x040D 1 0 0 1
0x0000 1 1 0 1
0x0000 1 0 1 0
0xAA9C 1 0 0 1
0x4000 1 0 0 1
0x5555 1 0 0 1
0x5555 1 0 0 1
0x5555 1 0 0 1
0x5555 1 1 0 1
0x0026 1 0 0 1
0x0038 1 0 0 1
0x004D 1 0 0 1
0x002F 1 0 0 1
0x040D 1 0 0 1
0x0000 1 1 0 1
0x0000 1 0 1 0
0xAAA0 1 0 0 1
0x4000 1 0 0 1
0x5555 1 0 0 1
0x5555 1 0 0 1
0x5555 1 0 0 1
0x5555 1 1 0 1
0x0026 1 0 0 1
0x0038 1 0 0 1
0x004D 1 0 0 1
0x002F 1 0 0 1
0x040D 1 0 0 1
0x0000 1 1 0 1
0x0000 1 0 1 0
0xAAA4 1 0 0 1
0x4000 1 0 0 1
0x5555 1 0 0 1
0x5555 1 0 0 1
0x5555 1 0 0 1
0x5555 1 1 0 1
0x0026 1 0 0 1
0x0038 1 0 0 1
0x004D 1 0 0 1
0x002F 1 0 0 1
0x040D 1 0 0 1
0x0000 1 1 0 1
0x0000 1 0 1 0
0xAAA8 1 0 0 1
0x4000 1 0 0 1
0x5555 1 0 0 1
0x5555 1 0 0 1
0x5555 1 0 0 1
0x5555 1 1 0 1
0x0026 1 0 0 1
0x0038 1 0 0 1
0x004D 1 0 0 1
0x002F 1 0 0 1
0x040D 1 0 0 1
0x0000 1 1 0 1
0x0000 1 0 1 0
0xAAAC 1 0 0 1
0x4000 1 0 0 1
0x5555 1 0 0 1
0x5555 1 0 0 1
0x5555 1 0 0 1
0x5555 1 1 0 1
0x0026 1 0 0 1
0x0038 1 0 0 1
0x004D 1 0 0 1
0x002F 1 0 0 1
0x040D 1 0 0 1
0x0000 1 1 0 1
0x0000 1 0 1 0
0xAAB0 1 0 0 1
0x4000 1 0 0 1
0x5555 1 0 0 1
0x5555 1 0 0 1
0x5555 1 0 0 1
0x5555 1 1 0 1
0x0026 1 0 0 1
0x0038 1 0 0 1
0x004D 1 0 0 1
0x002F 1 0 0 1
0x040D 1 0 0 1
0x0000 1 1 0 1
0x0000 1 0 1 0
0xAAB4 1 0 0 1
0x4000 1 0 0 1
0x5555 1 0 0 1
0x5555 1 0 0 1
0x5555 1 0 0 1
0x5555 1 1 0 1
0x0026 1 0 0 1
0x0038 1 0 0 1
0x004D 1 0 0 1
0x002F 1 0 0 1
0x040D 1 0 0 1
0x0000 1 1 0 1
0x0000 1 0 1 0
0xAAB8 1 0 0 1
0x4000 1 0 0 1
0x5555 1 0 0 1
0x5555 1 0 0 1
0x5555 1 0 0 1
0x5555 1 1 0 1
0x0026 1 0 0 1
0x0038 1 0 0 1
0x004D 1 0 0 1
0x002F 1 0 0 1
0x040D 1 0 0 1
0x0000 1 1 0 1
0x0000 1 0 1 0
0xAABC 1 0 0 1
0x4000 1 0 0 1
0x5555 1 0 0 1
0x5555 1 0 0 1
0x5555 1 0 0 1
0x5555 1 1 0 1
0x0026 1 0 0 1
0x0038 1 0 0 1
0x004D 1 0 0 1
0x002F 1 0 0 1
0x040D 1 0 0 1
0x0000 1 1 0 1
0x0000 1 0 1 0
0xAAC0 1 0 0 1
0x4000 1 0 0 1
0x5555 1 0 0 1
0x5555 1 0 0 1
0x5555 1 0 0 1
0x5555 1 1 0 1
0x0026 1 0 0 1
0x0038 1 0 0 1
0x004D 1 0 0 1
0x002F 1 0 0 1
0x040D 1 0 0 1
0x0000 1 1 0 1
0x0000 1 0 1 0
0xAAC4 1 0 0 1
0x4000 1 0 0 1
0x5555 1 0 0 1
0x5555 1 0 0 1
0x5555 1 0 0 1
0x5555 1 1 0 1
0x0026 1 0 0 1
0x0038 1 0 0 1
0x004D 1 0 0 1
0x002F 1 0 0 1
0x040D 1 0 0 1
0x0000 1 1 0 1
0x0000 1 0 1 0
0xAAC8 1 0 0 1
0x4000 1 0 0 1
0x5555 1 0 0 1
0x5555 1 0 0 1
0x5555 1 0 0 1
0x5555 1 1 0 1
0x0026 1 0 0 1
0x0038 1 0 0 1
0x004D 1 0 0 1
0x002F 1 0 0 1
0x040D 1 0 0 1
0x0000 1 1 0 1
0x0000 1 0 1 0
0xAACC 1 0 0 1
0x4000 1 0 0 1
0x5555 1 0 0 1
0x5555 1 0 0 1
0x5555 1 0 0 1
0x5555 1 1 0 1
0x0026 1 0 0 1
0x0038 1 0 0 1
0x004D 1 0 0 1
0x002F 1 0 0 1
0x040D 1 0 0 1
0x0000 1 1 0 1
0x0000 1 0 1 0
0xAAD0 1 0 0 1
0x4000 1 0 0 1
0x5555 1 0 0 1
0x5555 1 0 0 1
0x5555 1 0 0 1
0x5555 1 1 0 1
0x0026 1 0 0 1
0x0038 1 0 0 1
0x004D 1 0 0 1
0x002F 1 0 0 1
0x040D 1 0 0 1
0x0000 1 1 0 1
0x0000 1 0 1 0
0xAAD4 1 0 0 1
0x4000 1 0 0 1
0x5555 1 0 0 1
0x5555 1 0 0 1
0x5555 1 0 0 1
0x5555 1 1 0 1
0x0026 1 0 0 1
0x0038 1 0 0 1
0x004D 1 0 0 1
0x002F 1 0 0 1
0x040D 1 0 0 1
0x0000 1 1 0 1
0x0000 1 0 1 0
0xAAD8 1 0 0 1
0x4000 1 0 0 1
0x5555 1 0 0 1
0x5555 1 0 0 1
0x5555 1 0 0 1
0x5555 1 1 0 1
0x0026 1 0 0 1
0x0038 1 0 0 1
0x004D 1 0 0 1
0x002F 1 0 0 1
0x040D 1 0 0 1
0x0000 1 1 0 1
0x0000 1 0 1 0
0xAADC 1 0 0 1
0x4000 1 0 0 1
0x5555 1 0 0 1
0x5555 1 0 0 1
0x5555 1 0 0 1
0x5555 1 1 0 1
0x0026 1 0 0 1
0x0038 1 0 0 1
0x004D 1 0 0 1
0x002F 1 0 0 1
0x040D 1 0 0 1
0x0000 1 1 0 1
0x0000 1 0 1 0
0xAAE0 1 0 0 1
0x4000 1 0 0 1
0x5555 1 0 0 1
0x5555 1 0 0 1
0x5555 1 0 0 1
0x5555 1 1 0 1
0x0026 1 0 0 1
0x0038 1 0 0 1
0x004D 1 0 0 1
0x002F 1 0 0 1
0x040D 1 0 0 1
0x0000 1 1 0 1
0x0000 1 0 1 0
0xAAE4 1 0 0 1
0x4000 1 0 0 1
0x5555 1 0 0 1
0x5555 1 0 0 1
0x5555 1 0 0 1
0x5555 1 1 0 1
0x0026 1 0 0 1
0x0038 1 0 0 1
0x004D 1 0 0 1
0x002F 1 0 0 1
0x040D 1 0 0 1
0x0000 1 1 0 1
0x0000 1 0 1 0
0xAAE8 1 0 0 1
0x4000 1 0 0 1
0x5555 1 0 0 1
0x5555 1 0 0 1
0x5555 1 0 0 1
0x5555 1 1 0 1
0x0026 1 0 0 1
0x0038 1 0 0 1
0x004D 1 0 0 1
0x002F 1 0 0 1
0x040D 1 0 0 1
0x0000 1 1 0 1
0x0000 1 0 1 0
0xAAEC 1 0 0 1
0x4000 1 0 0 1
0x5555 1 0 0 1
0x5555 1 0 0 1
0x5555 1 0 0 1
0x5555 1 1 0 1
0x0026 1 0 0 1
0x0038 1 0 0 1
0x004D 1 0 0 1
0x002F 1 0 0 1
0x040D 1 0 0 1
0x0000 1 1 0 1
0x0000 1 0 1 0
0xAAF0 1 0 0 1
0x4000 1 0 0 1
0x5555 1 0 0 1
0x5555 1 0 0 1
0x5555 1 0 0 1
0x5555 1 1 0 1
0x0026 1 0 0 1
0x0038 1 0 0 1
0x004D 1 0 0 1
0x002F 1 0 0 1
0x040D 1 0 0 1
0x0000 1 1 0 1
0x0000 1 0 1 0
0xAAF4 1 0 0 1
0x4000 1 0 0 1
0x5555 1 0 0 1
0x5555 1 0 0 1
0x5555 1 0 0 1
0x5555 1 1 0 1
0x0026 1 0 0 1
0x0038 1 0 0 1
0x004D 1 0 0 1
0x002F 1 0 0 1
0x040D 1 0 0 1
0x0000 1 1 0 1
0x0000 1 0 1 0
0xAAF8 1 0 0 1
0x4000 1 0 0 1
0x5555 1 0 0 1
0x5555 1 0 0 1
0x5555 1 0 0 1
0x5555 1 1 0 1
0x0026 1 0 0 1
0x0038 1 0 0 1
0x004D 1 0 0 1
0x002F 1 0 0 1
0x040D 1 0 0 1
0x0000 1 1 0 1
0x0000 1 0 1 0
0xAAFC 1 0 0 1
0x4000 1 0 0 1
0x5555 1 0 0 1
0x5555 1 0 0 1
0x5555 1 0 0 1
0x5555 1 1 0 1
0x0026 1 0 0 1
0x0038 1 0 0 1
0x004D 1 0 0 1
0x002F 1 0 0 1
0x040D 1 0 0 1
0x0000 1 1 0 1
0x0000 1 0 1 0
