0x01f4 1 0 0 1
0x01f4 1 0 0 1
0x01f4 1 0 0 1
0x01f4 1 0 0 1
0x01f4 1 0 0 1
0x01f4 1 0 0 1
0x01f4 1 0 0 1
0x01f4 1 0 0 1
0x01f4 1 0 0 1
0x01f4 1 0 0 1
0x01f4 1 0 0 1
0x01f4 1 0 0 1
0x01f4 1 0 0 1
0x01f5 1 0 0 1
0x01f5 1 0 0 1
0x01f7 1 0 0 1
0x01f9 1 0 0 1
0x01fb 1 0 0 1
0x01ff 1 0 0 1
0x0203 1 0 0 1
0x0208 1 0 0 1
0x020e 1 0 0 1
0x0214 1 0 0 1
0x021a 1 0 0 1
0x021f 1 0 0 1
0x0223 1 0 0 1
0x0225 1 0 0 1
0x0225 1 0 0 1
0x0224 1 0 0 1
0x0220 1 0 0 1
0x021c 1 0 0 1
0x0216 1 0 0 1
0x0210 1 0 0 1
0x020a 1 0 0 1
0x0205 1 0 0 1
0x0200 1 0 0 1
0x01fc 1 0 0 1
0x01f9 1 0 0 1
0x01f7 1 0 0 1
0x01f6 1 0 0 1
0x01f5 1 0 0 1
0x01f4 1 0 0 1
0x01f4 1 0 0 1
0x01f4 1 0 0 1
0x01f4 1 0 0 1
0x01f4 1 0 0 1
0x01f4 1 0 0 1
0x01f4 1 0 0 1
0x01f4 1 0 0 1
0x01f4 1 0 0 1
0x01f4 1 0 0 1
0x01f4 1 0 0 1
0x01f4 1 0 0 1
0x01f4 1 0 0 1
0x01f4 1 0 0 1
0x01f4 1 0 0 1
0x01f4 1 0 0 1
0x01f4 1 0 0 1
0x01f4 1 0 0 1
0x01f4 1 0 0 1
0x01f4 1 0 0 1
0x01f4 1 0 0 1
0x01f4 1 0 0 1
0x01f4 1 1 1 1
0x01f4 1 0 0 1
0x01f5 1 0 0 1
0x01f6 1 0 0 1
0x01f8 1 0 0 1
0x01fa 1 0 0 1
0x01fd 1 0 0 1
0x0202 1 0 0 1
0x0207 1 0 0 1
0x020c 1 0 0 1
0x0213 1 0 0 1
0x0219 1 0 0 1
0x021f 1 0 0 1
0x0224 1 0 0 1
0x0228 1 0 0 1
0x0229 1 0 0 1
0x0229 1 0 0 1
0x0226 1 0 0 1
0x0222 1 0 0 1
0x021c 1 0 0 1
0x0216 1 0 0 1
0x020f 1 0 0 1
0x0209 1 0 0 1
0x0204 1 0 0 1
0x01ff 1 0 0 1
0x01fb 1 0 0 1
0x01f9 1 0 0 1
0x01f7 1 0 0 1
0x01f6 1 0 0 1
0x01f5 1 0 0 1
0x01f4 1 0 0 1
0x01f4 1 0 0 1
0x01f4 1 0 0 1
0x01f4 1 0 0 1
0x01f4 1 0 0 1
0x01f4 1 0 0 1
0x01f4 1 0 0 1
0x01f4 1 0 0 1
0x01f4 1 0 0 1
0x01f4 1 0 0 1
0x01f4 1 0 0 1
0x01f4 1 0 0 1
0x01f4 1 0 0 1
0x01f4 1 0 0 1
0x01f4 1 0 0 1
0x01f4 1 0 0 1
0x01f4 1 0 0 1
0x01f4 1 0 0 1
0x01f4 1 0 0 1
0x01f4 1 0 0 1
0x01f4 1 0 0 1
0x01f4 1 0 0 1
0x01f4 1 0 0 1
0x01f4 1 0 0 1
0x01f4 1 0 0 1
0x01f4 1 0 0 1
0x01f4 1 0 0 1
0x01f4 1 0 0 1
0x01f4 1 0 0 1
0x01f4 1 0 0 1
0x01f4 1 0 0 1
0x01f4 1 0 0 1
0x01f4 1 0 0 1
0x01f4 1 0 0 1
0x01f4 1 1 1 1
0x022d 1 0 0 1
0x022d 1 0 0 1
0x022b 1 0 0 1
0x0228 1 0 0 1
0x0222 1 0 0 1
0x021b 1 0 0 1
0x0214 1 0 0 1
0x020d 1 0 0 1
0x0207 1 0 0 1
0x0202 1 0 0 1
0x01fe 1 0 0 1
0x01fa 1 0 0 1
0x01f8 1 0 0 1
0x01f6 1 0 0 1
0x01f5 1 0 0 1
0x01f4 1 0 0 1
0x01f4 1 0 0 1
0x01f4 1 0 0 1
0x01f4 1 0 0 1
0x01f4 1 0 0 1
0x01f4 1 0 0 1
0x01f4 1 0 0 1
0x01f4 1 0 0 1
0x01f4 1 0 0 1
0x01f4 1 0 0 1
0x01f4 1 0 0 1
0x01f4 1 0 0 1
0x01f4 1 0 0 1
0x01f4 1 0 0 1
0x01f4 1 0 0 1
0x01f4 1 0 0 1
0x01f4 1 0 0 1
0x01f4 1 0 0 1
0x01f4 1 0 0 1
0x01f4 1 0 0 1
0x01f4 1 0 0 1
0x01f4 1 0 0 1
0x01f4 1 0 0 1
0x01f4 1 0 0 1
0x01f4 1 0 0 1
0x01f4 1 0 0 1
0x01f4 1 0 0 1
0x01f4 1 0 0 1
0x01f4 1 0 0 1
0x01f4 1 0 0 1
0x01f4 1 0 0 1
0x01f4 1 0 0 1
0x01f4 1 0 0 1
0x01f4 1 0 0 1
0x01f4 1 0 0 1
0x01f4 1 0 0 1
0x01f4 1 0 0 1
0x01f4 1 0 0 1
0x01f4 1 0 0 1
0x01f4 1 0 0 1
0x01f4 1 0 0 1
0x01f4 1 0 0 1
0x01f4 1 0 0 1
0x01f4 1 0 0 1
0x01f4 1 0 0 1
0x01f4 1 0 0 1
0x01f4 1 0 0 1
0x01f4 1 0 0 1
0x01f4 1 1 1 1
0x01f4 1 0 0 1
0x01f4 1 0 0 1
0x01f4 1 0 0 1
0x01f4 1 0 0 1
0x01f4 1 0 0 1
0x01f4 1 0 0 1
0x01f4 1 0 0 1
0x01f4 1 0 0 1
0x01f4 1 0 0 1
0x01f4 1 0 0 1
0x01f4 1 0 0 1
0x01f4 1 0 0 1
0x01f4 1 0 0 1
0x01f4 1 0 0 1
0x01f4 1 0 0 1
0x01f4 1 0 0 1
0x01f4 1 0 0 1
0x01f4 1 0 0 1
0x01f4 1 0 0 1
0x01f4 1 0 0 1
0x01f4 1 0 0 1
0x01f4 1 0 0 1
0x01f4 1 0 0 1
0x01f4 1 0 0 1
0x01f4 1 0 0 1
0x01f4 1 0 0 1
0x01f4 1 0 0 1
0x01f4 1 0 0 1
0x01f4 1 0 0 1
0x01f4 1 0 0 1
0x01f4 1 0 0 1
0x01f4 1 0 0 1
0x01f4 1 0 0 1
0x01f4 1 0 0 1
0x01f4 1 0 0 1
0x01f4 1 0 0 1
0x01f5 1 0 0 1
0x01f6 1 0 0 1
0x01f7 1 0 0 1
0x01fa 1 0 0 1
0x01fd 1 0 0 1
0x0201 1 0 0 1
0x0206 1 0 0 1
0x020c 1 0 0 1
0x0213 1 0 0 1
0x021b 1 0 0 1
0x0222 1 0 0 1
0x0229 1 0 0 1
0x022e 1 0 0 1
0x0231 1 0 0 1
0x0231 1 0 0 1
0x0230 1 0 0 1
0x022c 1 0 0 1
0x0226 1 0 0 1
0x021f 1 0 0 1
0x0217 1 0 0 1
0x0210 1 0 0 1
0x0209 1 0 0 1
0x0204 1 0 0 1
0x01ff 1 0 0 1
0x01fb 1 0 0 1
0x01f8 1 0 0 1
0x01f7 1 0 0 1
0x01f5 1 1 1 1
0x01f4 1 0 0 1
0x01f4 1 0 0 1
0x01f4 1 0 0 1
0x01f4 1 0 0 1
0x01f4 1 0 0 1
0x01f5 1 0 0 1
0x01f6 1 0 0 1
0x01f7 1 0 0 1
0x01fa 1 0 0 1
0x01fd 1 0 0 1
0x0201 1 0 0 1
0x0207 1 0 0 1
0x020d 1 0 0 1
0x0215 1 0 0 1
0x021d 1 0 0 1
0x0225 1 0 0 1
0x022c 1 0 0 1
0x0231 1 0 0 1
0x0235 1 0 0 1
0x0235 1 0 0 1
0x0234 1 0 0 1
0x0230 1 0 0 1
0x022a 1 0 0 1
0x0222 1 0 0 1
0x021a 1 0 0 1
0x0213 1 0 0 1
0x020b 1 0 0 1
0x0205 1 0 0 1
0x0200 1 0 0 1
0x01fc 1 0 0 1
0x01f9 1 0 0 1
0x01f7 1 0 0 1
0x01f6 1 0 0 1
0x01f5 1 0 0 1
0x01f4 1 0 0 1
0x01f4 1 0 0 1
0x01f4 1 0 0 1
0x01f4 1 0 0 1
0x01f4 1 0 0 1
0x01f4 1 0 0 1
0x01f4 1 0 0 1
0x01f4 1 0 0 1
0x01f4 1 0 0 1
0x01f4 1 0 0 1
0x01f4 1 0 0 1
0x01f4 1 0 0 1
0x01f4 1 0 0 1
0x01f4 1 0 0 1
0x01f4 1 0 0 1
0x01f4 1 0 0 1
0x01f4 1 0 0 1
0x01f4 1 0 0 1
0x01f4 1 0 0 1
0x01f4 1 0 0 1
0x01f4 1 0 0 1
0x01f4 1 0 0 1
0x01f4 1 0 0 1
0x01f4 1 0 0 1
0x01f4 1 0 0 1
0x01f4 1 0 0 1
0x01f4 1 0 0 1
0x01f4 1 0 0 1
0x01f4 1 0 0 1
0x01f4 1 1 1 1
0x022d 1 0 0 1
0x0233 1 0 0 1
0x0238 1 0 0 1
0x0239 1 0 0 1
0x0238 1 0 0 1
0x0235 1 0 0 1
0x022f 1 0 0 1
0x0227 1 0 0 1
0x021f 1 0 0 1
0x0217 1 0 0 1
0x020f 1 0 0 1
0x0208 1 0 0 1
0x0202 1 0 0 1
0x01fd 1 0 0 1
0x01fa 1 0 0 1
0x01f8 1 0 0 1
0x01f6 1 0 0 1
0x01f5 1 0 0 1
0x01f4 1 0 0 1
0x01f4 1 0 0 1
0x01f4 1 0 0 1
0x01f4 1 0 0 1
0x01f4 1 0 0 1
0x01f4 1 0 0 1
0x01f4 1 0 0 1
0x01f4 1 0 0 1
0x01f4 1 0 0 1
0x01f4 1 0 0 1
0x01f4 1 0 0 1
0x01f4 1 0 0 1
0x01f4 1 0 0 1
0x01f4 1 0 0 1
0x01f4 1 0 0 1
0x01f4 1 0 0 1
0x01f4 1 0 0 1
0x01f4 1 0 0 1
0x01f4 1 0 0 1
0x01f4 1 0 0 1
0x01f4 1 0 0 1
0x01f4 1 0 0 1
0x01f4 1 0 0 1
0x01f4 1 0 0 1
0x01f4 1 0 0 1
0x01f4 1 0 0 1
0x01f4 1 0 0 1
0x01f4 1 0 0 1
0x01f4 1 0 0 1
0x01f4 1 0 0 1
0x01f4 1 0 0 1
0x01f4 1 0 0 1
0x01f4 1 0 0 1
0x01f4 1 0 0 1
0x01f4 1 0 0 1
0x01f4 1 0 0 1
0x01f4 1 0 0 1
0x01f4 1 0 0 1
0x01f4 1 0 0 1
0x01f4 1 0 0 1
0x01f4 1 0 0 1
0x01f4 1 0 0 1
0x01f4 1 0 0 1
0x01f4 1 0 0 1
0x01f4 1 0 0 1
0x01f4 1 1 1 1
0x01f4 1 0 0 1
0x01f4 1 0 0 1
0x01f4 1 0 0 1
0x01f4 1 0 0 1
0x01f4 1 0 0 1
0x01f4 1 0 0 1
0x01f4 1 0 0 1
0x01f4 1 0 0 1
0x01f4 1 0 0 1
0x01f4 1 0 0 1
0x01f4 1 0 0 1
0x01f4 1 0 0 1
0x01f4 1 0 0 1
0x01f4 1 0 0 1
0x01f4 1 0 0 1
0x01f4 1 0 0 1
0x01f4 1 0 0 1
0x01f4 1 0 0 1
0x01f4 1 0 0 1
0x01f4 1 0 0 1
0x01f4 1 0 0 1
0x01f4 1 0 0 1
0x01f4 1 0 0 1
0x01f4 1 0 0 1
0x01f4 1 0 0 1
0x01f4 1 0 0 1
0x01f4 1 0 0 1
0x01f4 1 0 0 1
0x01f4 1 0 0 1
0x01f4 1 0 0 1
0x01f4 1 0 0 1
0x01f4 1 0 0 1
0x01f4 1 0 0 1
0x01f4 1 0 0 1
0x01f4 1 0 0 1
0x01f4 1 0 0 1
0x01f4 1 0 0 1
0x01f4 1 0 0 1
0x01f4 1 0 0 1
0x01f4 1 0 0 1
0x01f4 1 0 0 1
0x01f4 1 0 0 1
0x01f5 1 0 0 1
0x01f6 1 0 0 1
0x01f8 1 0 0 1
0x01fb 1 0 0 1
0x01ff 1 0 0 1
0x0204 1 0 0 1
0x020a 1 0 0 1
0x0212 1 0 0 1
0x021a 1 0 0 1
0x0223 1 0 0 1
0x022c 1 0 0 1
0x0234 1 0 0 1
0x0239 1 0 0 1
0x023d 1 0 0 1
0x023d 1 0 0 1
0x023b 1 0 0 1
0x0236 1 0 0 1
0x022f 1 0 0 1
0x0227 1 0 0 1
0x021e 1 0 0 1
0x0215 1 0 0 1
0x020d 1 1 1 1
0x01f4 1 0 0 1
0x01f4 1 0 0 1
0x01f4 1 0 0 1
0x01f4 1 0 0 1
0x01f4 1 0 0 1
0x01f4 1 0 0 1
0x01f4 1 0 0 1
0x01f4 1 0 0 1
0x01f4 1 0 0 1
0x01f4 1 0 0 1
0x01f4 1 0 0 1
0x01f4 1 0 0 1
0x01f4 1 0 0 1
0x01f4 1 0 0 1
0x01f4 1 0 0 1
0x01f4 1 0 0 1
0x01f4 1 0 0 1
0x01f4 1 0 0 1
0x01f4 1 0 0 1
0x01f4 1 0 0 1
0x01f4 1 0 0 1
0x01f4 1 0 0 1
0x01f4 1 0 0 1
0x01f4 1 0 0 1
0x01f4 1 0 0 1
0x01f4 1 0 0 1
0x01f4 1 0 0 1
0x01f4 1 0 0 1
0x01f4 1 0 0 1
0x01f4 1 0 0 1
0x01f4 1 0 0 1
0x01f4 1 0 0 1
0x01f4 1 0 0 1
0x01f4 1 0 0 1
0x01f4 1 0 0 1
0x01f4 1 0 0 1
0x01f4 1 0 0 1
0x01f4 1 0 0 1
0x01f4 1 0 0 1
0x01f4 1 0 0 1
0x01f4 1 0 0 1
0x01f5 1 0 0 1
0x01f6 1 0 0 1
0x01f7 1 0 0 1
0x01fa 1 0 0 1
0x01fd 1 0 0 1
0x0201 1 0 0 1
0x0207 1 0 0 1
0x020f 1 0 0 1
0x0217 1 0 0 1
0x0220 1 0 0 1
0x022a 1 0 0 1
0x0232 1 0 0 1
0x023a 1 0 0 1
0x023f 1 0 0 1
0x0241 1 0 0 1
0x0241 1 0 0 1
0x023d 1 0 0 1
0x0237 1 0 0 1
0x022f 1 0 0 1
0x0225 1 0 0 1
0x021c 1 0 0 1
0x0213 1 0 0 1
0x020b 1 1 1 1
0x01f4 1 0 0 1
0x01f4 1 0 0 1
0x01f5 1 0 0 1
0x01f6 1 0 0 1
0x01f8 1 0 0 1
0x01fb 1 0 0 1
0x01ff 1 0 0 1
0x0204 1 0 0 1
0x020b 1 0 0 1
0x0213 1 0 0 1
0x021c 1 0 0 1
0x0226 1 0 0 1
0x0230 1 0 0 1
0x0239 1 0 0 1
0x0240 1 0 0 1
0x0244 1 0 0 1
0x0245 1 0 0 1
0x0244 1 0 0 1
0x023f 1 0 0 1
0x0237 1 0 0 1
0x022e 1 0 0 1
0x0224 1 0 0 1
0x021b 1 0 0 1
0x0211 1 0 0 1
0x020a 1 0 0 1
0x0203 1 0 0 1
0x01fe 1 0 0 1
0x01fa 1 0 0 1
0x01f8 1 0 0 1
0x01f6 1 0 0 1
0x01f5 1 0 0 1
0x01f4 1 0 0 1
0x01f4 1 0 0 1
0x01f4 1 0 0 1
0x01f4 1 0 0 1
0x01f4 1 0 0 1
0x01f4 1 0 0 1
0x01f4 1 0 0 1
0x01f4 1 0 0 1
0x01f4 1 0 0 1
0x01f4 1 0 0 1
0x01f4 1 0 0 1
0x01f4 1 0 0 1
0x01f4 1 0 0 1
0x01f4 1 0 0 1
0x01f4 1 0 0 1
0x01f4 1 0 0 1
0x01f4 1 0 0 1
0x01f4 1 0 0 1
0x01f4 1 0 0 1
0x01f4 1 0 0 1
0x01f4 1 0 0 1
0x01f4 1 0 0 1
0x01f4 1 0 0 1
0x01f4 1 0 0 1
0x01f4 1 0 0 1
0x01f4 1 0 0 1
0x01f4 1 0 0 1
0x01f4 1 0 0 1
0x01f4 1 0 0 1
0x01f4 1 0 0 1
0x01f4 1 0 0 1
0x01f4 1 0 0 1
0x01f4 1 1 1 1
0x01f4 1 0 0 1
0x01f4 1 0 0 1
0x01f4 1 0 0 1
0x01f4 1 0 0 1
0x01f4 1 0 0 1
0x01f4 1 0 0 1
0x01f4 1 0 0 1
0x01f4 1 0 0 1
0x01f4 1 0 0 1
0x01f4 1 0 0 1
0x01f4 1 0 0 1
0x01f4 1 0 0 1
0x01f4 1 0 0 1
0x01f4 1 0 0 1
0x01f4 1 0 0 1
0x01f4 1 0 0 1
0x01f4 1 0 0 1
0x01f4 1 0 0 1
0x01f4 1 0 0 1
0x01f4 1 0 0 1
0x01f4 1 0 0 1
0x01f4 1 0 0 1
0x01f4 1 0 0 1
0x01f4 1 0 0 1
0x01f4 1 0 0 1
0x01f4 1 0 0 1
0x01f4 1 0 0 1
0x01f4 1 0 0 1
0x01f4 1 0 0 1
0x01f4 1 0 0 1
0x01f4 1 0 0 1
0x01f4 1 0 0 1
0x01f4 1 0 0 1
0x01f4 1 0 0 1
0x01f4 1 0 0 1
0x01f4 1 0 0 1
0x01f4 1 0 0 1
0x01f4 1 0 0 1
0x01f4 1 0 0 1
0x01f4 1 0 0 1
0x01f4 1 0 0 1
0x01f4 1 0 0 1
0x01f4 1 0 0 1
0x01f4 1 0 0 1
0x01f4 1 0 0 1
0x01f4 1 0 0 1
0x01f5 1 0 0 1
0x01f6 1 0 0 1
0x01f7 1 0 0 1
0x01fa 1 0 0 1
0x01fd 1 0 0 1
0x0202 1 0 0 1
0x0208 1 0 0 1
0x0210 1 0 0 1
0x0219 1 0 0 1
0x0223 1 0 0 1
0x022d 1 0 0 1
0x0237 1 0 0 1
0x0240 1 0 0 1
0x0246 1 0 0 1
0x0249 1 0 0 1
0x0249 1 0 0 1
0x0245 1 0 0 1
0x023f 1 1 1 1
