0x0000 1 0 0 1
0x0000 1 0 0 1
0x0000 1 0 0 1
0x0000 1 0 0 1
0x0000 1 0 0 1
0x0000 1 0 0 1
0x0000 1 0 0 1
0x0000 1 0 0 1
0x0000 1 0 0 1
0x0000 1 0 0 1
0x0000 1 0 0 1
0x0000 1 0 0 1
0x0000 1 0 0 1
0x0001 1 0 0 1
0x0001 1 0 0 1
0x0003 1 0 0 1
0x0005 1 0 0 1
0x0007 1 0 0 1
0x000b 1 0 0 1
0x000f 1 0 0 1
0x0014 1 0 0 1
0x001a 1 0 0 1
0x001f 1 0 0 1
0x0025 1 0 0 1
0x002a 1 0 0 1
0x002e 1 0 0 1
0x0030 1 0 0 1
0x0030 1 0 0 1
0x002f 1 0 0 1
0x002b 1 0 0 1
0x0027 1 0 0 1
0x0021 1 0 0 1
0x001a 1 0 0 1
0x0014 1 0 0 1
0x000f 1 0 0 1
0x000a 1 0 0 1
0x0006 1 0 0 1
0x0003 1 0 0 1
0x0001 1 0 0 1
0x0000 1 0 0 1
0xffff 1 0 0 1
0xfffe 1 0 0 1
0xfffe 1 0 0 1
0xfffe 1 0 0 1
0xfffe 1 0 0 1
0xfffe 1 0 0 1
0xfffe 1 0 0 1
0xfffe 1 0 0 1
0xfffe 1 0 0 1
0xfffe 1 0 0 1
0xfffe 1 0 0 1
0xfffe 1 0 0 1
0xfffe 1 0 0 1
0xfffe 1 0 0 1
0xfffe 1 0 0 1
0xffff 1 0 0 1
0xffff 1 0 0 1
0xffff 1 0 0 1
0xffff 1 0 0 1
0xffff 1 0 0 1
0xffff 1 0 0 1
0xffff 1 0 0 1
0xffff 1 0 0 1
0xffff 1 1 1 1
0x0000 1 0 0 1
0x0001 1 0 0 1
0x0002 1 0 0 1
0x0004 1 0 0 1
0x0006 1 0 0 1
0x0009 1 0 0 1
0x000e 1 0 0 1
0x0013 1 0 0 1
0x0018 1 0 0 1
0x001f 1 0 0 1
0x0024 1 0 0 1
0x002a 1 0 0 1
0x002f 1 0 0 1
0x0033 1 0 0 1
0x0034 1 0 0 1
0x0034 1 0 0 1
0x0031 1 0 0 1
0x002d 1 0 0 1
0x0027 1 0 0 1
0x0021 1 0 0 1
0x0019 1 0 0 1
0x0013 1 0 0 1
0x000e 1 0 0 1
0x0009 1 0 0 1
0x0005 1 0 0 1
0x0003 1 0 0 1
0x0001 1 0 0 1
0x0000 1 0 0 1
0xffff 1 0 0 1
0xfffe 1 0 0 1
0xfffe 1 0 0 1
0xfffe 1 0 0 1
0xfffe 1 0 0 1
0xfffe 1 0 0 1
0xfffe 1 0 0 1
0xfffe 1 0 0 1
0xfffe 1 0 0 1
0xfffe 1 0 0 1
0xfffe 1 0 0 1
0xfffe 1 0 0 1
0xfffe 1 0 0 1
0xfffe 1 0 0 1
0xfffe 1 0 0 1
0xffff 1 0 0 1
0xffff 1 0 0 1
0xffff 1 0 0 1
0xffff 1 0 0 1
0xffff 1 0 0 1
0xffff 1 0 0 1
0xffff 1 0 0 1
0xffff 1 0 0 1
0xffff 1 0 0 1
0xffff 1 0 0 1
0x0000 1 0 0 1
0x0000 1 0 0 1
0x0000 1 0 0 1
0x0000 1 0 0 1
0x0000 1 0 0 1
0x0000 1 0 0 1
0x0000 1 0 0 1
0x0000 1 0 0 1
0x0000 1 0 0 1
0x0000 1 0 0 1
0x0000 1 1 1 1
0x0039 1 0 0 1
0x0039 1 0 0 1
0x0037 1 0 0 1
0x0034 1 0 0 1
0x002e 1 0 0 1
0x0027 1 0 0 1
0x0020 1 0 0 1
0x0019 1 0 0 1
0x0013 1 0 0 1
0x000d 1 0 0 1
0x0009 1 0 0 1
0x0005 1 0 0 1
0x0003 1 0 0 1
0x0001 1 0 0 1
0x0000 1 0 0 1
0xffff 1 0 0 1
0xffff 1 0 0 1
0xffff 1 0 0 1
0xffff 1 0 0 1
0xffff 1 0 0 1
0xffff 1 0 0 1
0xffff 1 0 0 1
0xffff 1 0 0 1
0xffff 1 0 0 1
0xffff 1 0 0 1
0xffff 1 0 0 1
0xffff 1 0 0 1
0xffff 1 0 0 1
0x0000 1 0 0 1
0x0000 1 0 0 1
0x0000 1 0 0 1
0x0000 1 0 0 1
0x0000 1 0 0 1
0x0000 1 0 0 1
0x0000 1 0 0 1
0x0000 1 0 0 1
0x0000 1 0 0 1
0x0000 1 0 0 1
0x0000 1 0 0 1
0x0000 1 0 0 1
0x0000 1 0 0 1
0x0000 1 0 0 1
0x0000 1 0 0 1
0x0000 1 0 0 1
0x0000 1 0 0 1
0x0000 1 0 0 1
0x0000 1 0 0 1
0x0000 1 0 0 1
0x0000 1 0 0 1
0x0000 1 0 0 1
0x0000 1 0 0 1
0x0000 1 0 0 1
0x0000 1 0 0 1
0x0000 1 0 0 1
0x0000 1 0 0 1
0x0000 1 0 0 1
0x0000 1 0 0 1
0x0000 1 0 0 1
0x0000 1 0 0 1
0x0000 1 0 0 1
0x0000 1 0 0 1
0x0000 1 0 0 1
0x0000 1 0 0 1
0x0000 1 1 1 1
0x0000 1 0 0 1
0x0000 1 0 0 1
0x0000 1 0 0 1
0x0000 1 0 0 1
0x0000 1 0 0 1
0x0000 1 0 0 1
0x0000 1 0 0 1
0x0000 1 0 0 1
0x0000 1 0 0 1
0x0000 1 0 0 1
0x0000 1 0 0 1
0x0000 1 0 0 1
0x0000 1 0 0 1
0x0000 1 0 0 1
0x0000 1 0 0 1
0x0000 1 0 0 1
0x0000 1 0 0 1
0x0000 1 0 0 1
0x0000 1 0 0 1
0x0000 1 0 0 1
0x0000 1 0 0 1
0x0000 1 0 0 1
0x0000 1 0 0 1
0x0000 1 0 0 1
0x0000 1 0 0 1
0x0000 1 0 0 1
0x0000 1 0 0 1
0x0000 1 0 0 1
0x0000 1 0 0 1
0x0000 1 0 0 1
0x0000 1 0 0 1
0x0000 1 0 0 1
0x0000 1 0 0 1
0x0000 1 0 0 1
0x0000 1 0 0 1
0x0000 1 0 0 1
0x0001 1 0 0 1
0x0002 1 0 0 1
0x0003 1 0 0 1
0x0006 1 0 0 1
0x0009 1 0 0 1
0x000d 1 0 0 1
0x0012 1 0 0 1
0x0018 1 0 0 1
0x001f 1 0 0 1
0x0026 1 0 0 1
0x002d 1 0 0 1
0x0034 1 0 0 1
0x0039 1 0 0 1
0x003c 1 0 0 1
0x003c 1 0 0 1
0x003b 1 0 0 1
0x0037 1 0 0 1
0x0031 1 0 0 1
0x002a 1 0 0 1
0x0021 1 0 0 1
0x001a 1 0 0 1
0x0013 1 0 0 1
0x000e 1 0 0 1
0x0009 1 0 0 1
0x0005 1 0 0 1
0x0002 1 0 0 1
0x0001 1 0 0 1
0xffff 1 1 1 1
0x0000 1 0 0 1
0x0000 1 0 0 1
0x0000 1 0 0 1
0x0000 1 0 0 1
0x0000 1 0 0 1
0x0001 1 0 0 1
0x0002 1 0 0 1
0x0003 1 0 0 1
0x0006 1 0 0 1
0x0009 1 0 0 1
0x000d 1 0 0 1
0x0013 1 0 0 1
0x0019 1 0 0 1
0x0021 1 0 0 1
0x0028 1 0 0 1
0x0030 1 0 0 1
0x0037 1 0 0 1
0x003c 1 0 0 1
0x0040 1 0 0 1
0x0040 1 0 0 1
0x003f 1 0 0 1
0x003b 1 0 0 1
0x0035 1 0 0 1
0x002d 1 0 0 1
0x0024 1 0 0 1
0x001d 1 0 0 1
0x0015 1 0 0 1
0x000f 1 0 0 1
0x000a 1 0 0 1
0x0006 1 0 0 1
0x0003 1 0 0 1
0x0001 1 0 0 1
0x0000 1 0 0 1
0xffff 1 0 0 1
0xfffe 1 0 0 1
0xfffe 1 0 0 1
0xfffe 1 0 0 1
0xfffe 1 0 0 1
0xfffe 1 0 0 1
0xfffe 1 0 0 1
0xfffe 1 0 0 1
0xfffe 1 0 0 1
0xfffe 1 0 0 1
0xfffe 1 0 0 1
0xfffe 1 0 0 1
0xfffe 1 0 0 1
0xfffe 1 0 0 1
0xfffe 1 0 0 1
0xfffe 1 0 0 1
0xffff 1 0 0 1
0xffff 1 0 0 1
0xffff 1 0 0 1
0xffff 1 0 0 1
0xffff 1 0 0 1
0xffff 1 0 0 1
0xffff 1 0 0 1
0xffff 1 0 0 1
0xffff 1 0 0 1
0xffff 1 0 0 1
0x0000 1 0 0 1
0x0000 1 0 0 1
0x0000 1 0 0 1
0x0000 1 0 0 1
0x0000 1 1 1 1
0x0039 1 0 0 1
0x003f 1 0 0 1
0x0044 1 0 0 1
0x0045 1 0 0 1
0x0044 1 0 0 1
0x0041 1 0 0 1
0x003b 1 0 0 1
0x0033 1 0 0 1
0x002b 1 0 0 1
0x0022 1 0 0 1
0x001a 1 0 0 1
0x0013 1 0 0 1
0x000d 1 0 0 1
0x0008 1 0 0 1
0x0005 1 0 0 1
0x0003 1 0 0 1
0x0001 1 0 0 1
0x0000 1 0 0 1
0xffff 1 0 0 1
0xffff 1 0 0 1
0xffff 1 0 0 1
0xffff 1 0 0 1
0xffff 1 0 0 1
0xffff 1 0 0 1
0xffff 1 0 0 1
0xffff 1 0 0 1
0xffff 1 0 0 1
0xffff 1 0 0 1
0xffff 1 0 0 1
0xffff 1 0 0 1
0xffff 1 0 0 1
0xffff 1 0 0 1
0xffff 1 0 0 1
0xffff 1 0 0 1
0x0000 1 0 0 1
0x0000 1 0 0 1
0x0000 1 0 0 1
0x0000 1 0 0 1
0x0000 1 0 0 1
0x0000 1 0 0 1
0x0000 1 0 0 1
0x0000 1 0 0 1
0x0000 1 0 0 1
0x0000 1 0 0 1
0x0000 1 0 0 1
0x0000 1 0 0 1
0x0000 1 0 0 1
0x0000 1 0 0 1
0x0000 1 0 0 1
0x0000 1 0 0 1
0x0000 1 0 0 1
0x0000 1 0 0 1
0x0000 1 0 0 1
0x0000 1 0 0 1
0x0000 1 0 0 1
0x0000 1 0 0 1
0x0000 1 0 0 1
0x0000 1 0 0 1
0x0000 1 0 0 1
0x0000 1 0 0 1
0x0000 1 0 0 1
0x0000 1 0 0 1
0x0000 1 0 0 1
0x0000 1 1 1 1
0x0000 1 0 0 1
0x0000 1 0 0 1
0x0000 1 0 0 1
0x0000 1 0 0 1
0x0000 1 0 0 1
0x0000 1 0 0 1
0x0000 1 0 0 1
0x0000 1 0 0 1
0x0000 1 0 0 1
0x0000 1 0 0 1
0x0000 1 0 0 1
0x0000 1 0 0 1
0x0000 1 0 0 1
0x0000 1 0 0 1
0x0000 1 0 0 1
0x0000 1 0 0 1
0x0000 1 0 0 1
0x0000 1 0 0 1
0x0000 1 0 0 1
0x0000 1 0 0 1
0x0000 1 0 0 1
0x0000 1 0 0 1
0x0000 1 0 0 1
0x0000 1 0 0 1
0x0000 1 0 0 1
0x0000 1 0 0 1
0x0000 1 0 0 1
0x0000 1 0 0 1
0x0000 1 0 0 1
0x0000 1 0 0 1
0x0000 1 0 0 1
0x0000 1 0 0 1
0x0000 1 0 0 1
0x0000 1 0 0 1
0x0000 1 0 0 1
0x0000 1 0 0 1
0x0000 1 0 0 1
0x0000 1 0 0 1
0x0000 1 0 0 1
0x0000 1 0 0 1
0x0000 1 0 0 1
0x0000 1 0 0 1
0x0001 1 0 0 1
0x0002 1 0 0 1
0x0004 1 0 0 1
0x0007 1 0 0 1
0x000b 1 0 0 1
0x0010 1 0 0 1
0x0016 1 0 0 1
0x001e 1 0 0 1
0x0026 1 0 0 1
0x002e 1 0 0 1
0x0037 1 0 0 1
0x003f 1 0 0 1
0x0044 1 0 0 1
0x0048 1 0 0 1
0x0048 1 0 0 1
0x0046 1 0 0 1
0x0041 1 0 0 1
0x003a 1 0 0 1
0x0032 1 0 0 1
0x0028 1 0 0 1
0x001f 1 0 0 1
0x0017 1 1 1 1
0x0000 1 0 0 1
0x0000 1 0 0 1
0x0000 1 0 0 1
0x0000 1 0 0 1
0x0000 1 0 0 1
0x0000 1 0 0 1
0x0000 1 0 0 1
0x0000 1 0 0 1
0x0000 1 0 0 1
0x0000 1 0 0 1
0x0000 1 0 0 1
0x0000 1 0 0 1
0x0000 1 0 0 1
0x0000 1 0 0 1
0x0000 1 0 0 1
0x0000 1 0 0 1
0x0000 1 0 0 1
0x0000 1 0 0 1
0x0000 1 0 0 1
0x0000 1 0 0 1
0x0000 1 0 0 1
0x0000 1 0 0 1
0x0000 1 0 0 1
0x0000 1 0 0 1
0x0000 1 0 0 1
0x0000 1 0 0 1
0x0000 1 0 0 1
0x0000 1 0 0 1
0x0000 1 0 0 1
0x0000 1 0 0 1
0x0000 1 0 0 1
0x0000 1 0 0 1
0x0000 1 0 0 1
0x0000 1 0 0 1
0x0000 1 0 0 1
0x0000 1 0 0 1
0x0000 1 0 0 1
0x0000 1 0 0 1
0x0000 1 0 0 1
0x0000 1 0 0 1
0x0000 1 0 0 1
0x0001 1 0 0 1
0x0002 1 0 0 1
0x0003 1 0 0 1
0x0006 1 0 0 1
0x0009 1 0 0 1
0x000d 1 0 0 1
0x0013 1 0 0 1
0x001b 1 0 0 1
0x0023 1 0 0 1
0x002b 1 0 0 1
0x0035 1 0 0 1
0x003d 1 0 0 1
0x0045 1 0 0 1
0x004a 1 0 0 1
0x004c 1 0 0 1
0x004c 1 0 0 1
0x0048 1 0 0 1
0x0042 1 0 0 1
0x003a 1 0 0 1
0x002f 1 0 0 1
0x0026 1 0 0 1
0x001d 1 0 0 1
0x0015 1 1 1 1
0x0000 1 0 0 1
0x0000 1 0 0 1
0x0001 1 0 0 1
0x0002 1 0 0 1
0x0004 1 0 0 1
0x0007 1 0 0 1
0x000b 1 0 0 1
0x0010 1 0 0 1
0x0017 1 0 0 1
0x001f 1 0 0 1
0x0028 1 0 0 1
0x0031 1 0 0 1
0x003b 1 0 0 1
0x0044 1 0 0 1
0x004b 1 0 0 1
0x004f 1 0 0 1
0x0050 1 0 0 1
0x004f 1 0 0 1
0x004a 1 0 0 1
0x0042 1 0 0 1
0x0039 1 0 0 1
0x002e 1 0 0 1
0x0025 1 0 0 1
0x001b 1 0 0 1
0x0014 1 0 0 1
0x000d 1 0 0 1
0x0008 1 0 0 1
0x0004 1 0 0 1
0x0002 1 0 0 1
0x0000 1 0 0 1
0xffff 1 0 0 1
0xfffe 1 0 0 1
0xfffe 1 0 0 1
0xfffe 1 0 0 1
0xfffe 1 0 0 1
0xfffe 1 0 0 1
0xfffe 1 0 0 1
0xfffe 1 0 0 1
0xfffe 1 0 0 1
0xfffe 1 0 0 1
0xfffe 1 0 0 1
0xfffe 1 0 0 1
0xfffe 1 0 0 1
0xfffe 1 0 0 1
0xfffe 1 0 0 1
0xfffe 1 0 0 1
0xffff 1 0 0 1
0xffff 1 0 0 1
0xffff 1 0 0 1
0xffff 1 0 0 1
0xffff 1 0 0 1
0xffff 1 0 0 1
0xffff 1 0 0 1
0xffff 1 0 0 1
0xffff 1 0 0 1
0xffff 1 0 0 1
0x0000 1 0 0 1
0x0000 1 0 0 1
0x0000 1 0 0 1
0x0000 1 0 0 1
0x0000 1 0 0 1
0x0000 1 0 0 1
0x0000 1 0 0 1
0x0000 1 1 1 1
0x0000 1 0 0 1
0x0000 1 0 0 1
0x0000 1 0 0 1
0x0000 1 0 0 1
0x0000 1 0 0 1
0x0000 1 0 0 1
0x0000 1 0 0 1
0x0000 1 0 0 1
0x0000 1 0 0 1
0x0000 1 0 0 1
0x0000 1 0 0 1
0x0000 1 0 0 1
0x0000 1 0 0 1
0x0000 1 0 0 1
0x0000 1 0 0 1
0x0000 1 0 0 1
0x0000 1 0 0 1
0x0000 1 0 0 1
0x0000 1 0 0 1
0x0000 1 0 0 1
0x0000 1 0 0 1
0x0000 1 0 0 1
0x0000 1 0 0 1
0x0000 1 0 0 1
0x0000 1 0 0 1
0x0000 1 0 0 1
0x0000 1 0 0 1
0x0000 1 0 0 1
0x0000 1 0 0 1
0x0000 1 0 0 1
0x0000 1 0 0 1
0x0000 1 0 0 1
0x0000 1 0 0 1
0x0000 1 0 0 1
0x0000 1 0 0 1
0x0000 1 0 0 1
0x0000 1 0 0 1
0x0000 1 0 0 1
0x0000 1 0 0 1
0x0000 1 0 0 1
0x0000 1 0 0 1
0x0000 1 0 0 1
0x0000 1 0 0 1
0x0000 1 0 0 1
0x0000 1 0 0 1
0x0000 1 0 0 1
0x0001 1 0 0 1
0x0002 1 0 0 1
0x0003 1 0 0 1
0x0006 1 0 0 1
0x0009 1 0 0 1
0x000e 1 0 0 1
0x0014 1 0 0 1
0x001c 1 0 0 1
0x0025 1 0 0 1
0x002e 1 0 0 1
0x0038 1 0 0 1
0x0042 1 0 0 1
0x004b 1 0 0 1
0x0051 1 0 0 1
0x0054 1 0 0 1
0x0054 1 0 0 1
0x0050 1 0 0 1
0x004a 1 1 1 1
