0x0000 1 0 0 1
0x0000 1 0 0 1
0x0000 1 0 0 1
0x0000 1 0 0 1
0x0000 1 0 0 1
0x0000 1 0 0 1
0x0000 1 0 0 1
0x0000 1 0 0 1
0x0000 1 0 0 1
0x0000 1 0 0 1
0x0000 1 0 0 1
0x0000 1 0 0 1
0x0000 1 0 0 1
0x0001 1 0 0 1
0x0001 1 0 0 1
0x0003 1 0 0 1
0x0005 1 0 0 1
0x0007 1 0 0 1
0x000b 1 0 0 1
0x000f 1 0 0 1
0x0014 1 0 0 1
0x001a 1 0 0 1
0x001f 1 0 0 1
0x0025 1 0 0 1
0x002a 1 0 0 1
0x002e 1 0 0 1
0x0030 1 0 0 1
0x0030 1 0 0 1
0x002f 1 0 0 1
0x002b 1 0 0 1
0x0027 1 0 0 1
0x0021 1 0 0 1
0x001a 1 0 0 1
0x0014 1 0 0 1
0x000f 1 0 0 1
0x000a 1 0 0 1
0x0006 1 0 0 1
0x0003 1 0 0 1
0x0001 1 0 0 1
0x0000 1 0 0 1
0xffff 1 0 0 1
0xfffe 1 0 0 1
0xfffe 1 0 0 1
0xfffe 1 0 0 1
0xfffe 1 0 0 1
0xfffe 1 0 0 1
0xfffe 1 0 0 1
0xfffe 1 0 0 1
0xfffe 1 0 0 1
0xfffe 1 0 0 1
0xfffe 1 0 0 1
0xfffe 1 0 0 1
0xfffe 1 0 0 1
0xfffe 1 0 0 1
0xfffe 1 0 0 1
0xffff 1 0 0 1
0xffff 1 0 0 1
0xffff 1 0 0 1
0xffff 1 0 0 1
0xffff 1 0 0 1
0xffff 1 0 0 1
0xffff 1 0 0 1
0xffff 1 0 0 1
0xffff 1 1 1 1
0x0000 1 0 0 1
0x0001 1 0 0 1
0x0002 1 0 0 1
0x0004 1 0 0 1
0x0006 1 0 0 1
0x0009 1 0 0 1
0x000e 1 0 0 1
0x0013 1 0 0 1
0x0018 1 0 0 1
0x001f 1 0 0 1
0x0024 1 0 0 1
0x002a 1 0 0 1
0x002f 1 0 0 1
0x0033 1 0 0 1
0x0034 1 0 0 1
0x0034 1 0 0 1
0x0031 1 0 0 1
0x002d 1 0 0 1
0x0027 1 0 0 1
0x0021 1 0 0 1
0x0019 1 0 0 1
0x0013 1 0 0 1
0x000e 1 0 0 1
0x0009 1 0 0 1
0x0005 1 0 0 1
0x0003 1 0 0 1
0x0001 1 0 0 1
0x0000 1 0 0 1
0xffff 1 0 0 1
0xfffe 1 0 0 1
0xfffe 1 0 0 1
0xfffe 1 0 0 1
0xfffe 1 0 0 1
0xfffe 1 0 0 1
0xfffe 1 0 0 1
0xfffe 1 0 0 1
0xfffe 1 0 0 1
0xfffe 1 0 0 1
0xfffe 1 0 0 1
0xfffe 1 0 0 1
0xfffe 1 0 0 1
0xfffe 1 0 0 1
0xfffe 1 0 0 1
0xffff 1 0 0 1
0xffff 1 0 0 1
0xffff 1 0 0 1
0xffff 1 0 0 1
0xffff 1 0 0 1
0xffff 1 0 0 1
0xffff 1 0 0 1
0xffff 1 0 0 1
0xffff 1 0 0 1
0xffff 1 0 0 1
0x0000 1 0 0 1
0x0000 1 0 0 1
0x0000 1 0 0 1
0x0000 1 0 0 1
0x0000 1 0 0 1
0x0000 1 0 0 1
0x0000 1 0 0 1
0x0000 1 0 0 1
0x0000 1 0 0 1
0x0000 1 0 0 1
0x0000 1 1 1 1
0x0039 1 0 0 1
0x0039 1 0 0 1
0x0037 1 0 0 1
0x0034 1 0 0 1
0x002e 1 0 0 1
0x0027 1 0 0 1
0x0020 1 0 0 1
0x0019 1 0 0 1
0x0013 1 0 0 1
0x000d 1 0 0 1
0x0009 1 0 0 1
0x0005 1 0 0 1
0x0003 1 0 0 1
0x0001 1 0 0 1
0x0000 1 0 0 1
0xffff 1 0 0 1
0xffff 1 0 0 1
0xffff 1 0 0 1
0xffff 1 0 0 1
0xffff 1 0 0 1
0xffff 1 0 0 1
0xffff 1 0 0 1
0xffff 1 0 0 1
0xffff 1 0 0 1
0xffff 1 0 0 1
0xffff 1 0 0 1
0xffff 1 0 0 1
0xffff 1 0 0 1
0x0000 1 0 0 1
0x0000 1 0 0 1
0x0000 1 0 0 1
0x0000 1 0 0 1
0x0000 1 0 0 1
0x0000 1 0 0 1
0x0000 1 0 0 1
0x0000 1 0 0 1
0x0000 1 0 0 1
0x0000 1 0 0 1
0x0000 1 0 0 1
0x0000 1 0 0 1
0x0000 1 0 0 1
0x0000 1 0 0 1
0x0000 1 0 0 1
0x0000 1 0 0 1
0x0000 1 0 0 1
0x0000 1 0 0 1
0x0000 1 0 0 1
0x0000 1 0 0 1
0x0000 1 0 0 1
0x0000 1 0 0 1
0x0000 1 0 0 1
0x0000 1 0 0 1
0x0000 1 0 0 1
0x0000 1 0 0 1
0x0000 1 0 0 1
0x0000 1 0 0 1
0x0000 1 0 0 1
0x0000 1 0 0 1
0x0000 1 0 0 1
0x0000 1 0 0 1
0x0000 1 0 0 1
0x0000 1 0 0 1
0x0000 1 0 0 1
0x0000 1 1 1 1
0x0000 1 0 0 1
0x0000 1 0 0 1
0x0000 1 0 0 1
0x0000 1 0 0 1
0x0000 1 0 0 1
0x0000 1 0 0 1
0x0000 1 0 0 1
0x0000 1 0 0 1
0x0000 1 0 0 1
0x0000 1 0 0 1
0x0000 1 0 0 1
0x0000 1 0 0 1
0x0000 1 0 0 1
0x0000 1 0 0 1
0x0000 1 0 0 1
0x0000 1 0 0 1
0x0000 1 0 0 1
0x0000 1 0 0 1
0x0000 1 0 0 1
0x0000 1 0 0 1
0x0000 1 0 0 1
0x0000 1 0 0 1
0x0000 1 0 0 1
0x0000 1 0 0 1
0x0000 1 0 0 1
0x0000 1 0 0 1
0x0000 1 0 0 1
0x0000 1 0 0 1
0x0000 1 0 0 1
0x0000 1 0 0 1
0x0000 1 0 0 1
0x0000 1 0 0 1
0x0000 1 0 0 1
0x0000 1 0 0 1
0x0000 1 0 0 1
0x0000 1 0 0 1
0x0001 1 0 0 1
0x0002 1 0 0 1
0x0003 1 0 0 1
0x0006 1 0 0 1
0x0009 1 0 0 1
0x000d 1 0 0 1
0x0012 1 0 0 1
0x0018 1 0 0 1
0x001f 1 0 0 1
0x0026 1 0 0 1
0x002d 1 0 0 1
0x0034 1 0 0 1
0x0039 1 0 0 1
0x003c 1 0 0 1
0x003c 1 0 0 1
0x003b 1 0 0 1
0x0037 1 0 0 1
0x0031 1 0 0 1
0x002a 1 0 0 1
0x0021 1 0 0 1
0x001a 1 0 0 1
0x0013 1 0 0 1
0x000e 1 0 0 1
0x0009 1 0 0 1
0x0005 1 0 0 1
0x0002 1 0 0 1
0x0001 1 0 0 1
0xffff 1 1 1 1
0x0000 1 0 0 1
0x0000 1 0 0 1
0x0000 1 0 0 1
0x0000 1 0 0 1
0x0000 1 0 0 1
0x0001 1 0 0 1
0x0002 1 0 0 1
0x0003 1 0 0 1
0x0006 1 0 0 1
0x0009 1 0 0 1
0x000d 1 0 0 1
0x0013 1 0 0 1
0x0019 1 0 0 1
0x0021 1 0 0 1
0x0028 1 0 0 1
0x0030 1 0 0 1
0x0037 1 0 0 1
0x003c 1 0 0 1
0x0040 1 0 0 1
0x0040 1 0 0 1
0x003f 1 0 0 1
0x003b 1 0 0 1
0x0035 1 0 0 1
0x002d 1 0 0 1
0x0024 1 0 0 1
0x001d 1 0 0 1
0x0015 1 0 0 1
0x000f 1 0 0 1
0x000a 1 0 0 1
0x0006 1 0 0 1
0x0003 1 0 0 1
0x0001 1 0 0 1
0x0000 1 0 0 1
0xffff 1 0 0 1
0xfffe 1 0 0 1
0xfffe 1 0 0 1
0xfffe 1 0 0 1
0xfffe 1 0 0 1
0xfffe 1 0 0 1
0xfffe 1 0 0 1
0xfffe 1 0 0 1
0xfffe 1 0 0 1
0xfffe 1 0 0 1
0xfffe 1 0 0 1
0xfffe 1 0 0 1
0xfffe 1 0 0 1
0xfffe 1 0 0 1
0xfffe 1 0 0 1
0xfffe 1 0 0 1
0xffff 1 0 0 1
0xffff 1 0 0 1
0xffff 1 0 0 1
0xffff 1 0 0 1
0xffff 1 0 0 1
0xffff 1 0 0 1
0xffff 1 0 0 1
0xffff 1 0 0 1
0xffff 1 0 0 1
0xffff 1 0 0 1
0x0000 1 0 0 1
0x0000 1 0 0 1
0x0000 1 0 0 1
0x0000 1 0 0 1
0x0000 1 1 1 1
0x0039 1 0 0 1
0x003f 1 0 0 1
0x0044 1 0 0 1
0x0045 1 0 0 1
0x0044 1 0 0 1
0x0041 1 0 0 1
0x003b 1 0 0 1
0x0033 1 0 0 1
0x002b 1 0 0 1
0x0022 1 0 0 1
0x001a 1 0 0 1
0x0013 1 0 0 1
0x000d 1 0 0 1
0x0008 1 0 0 1
0x0005 1 0 0 1
0x0003 1 0 0 1
0x0001 1 0 0 1
0x0000 1 0 0 1
0xffff 1 0 0 1
0xffff 1 0 0 1
0xffff 1 0 0 1
0xffff 1 0 0 1
0xffff 1 0 0 1
0xffff 1 0 0 1
0xffff 1 0 0 1
0xffff 1 0 0 1
0xffff 1 0 0 1
0xffff 1 0 0 1
0xffff 1 0 0 1
0xffff 1 0 0 1
0xffff 1 0 0 1
0xffff 1 0 0 1
0xffff 1 0 0 1
0xffff 1 0 0 1
0x0000 1 0 0 1
0x0000 1 0 0 1
0x0000 1 0 0 1
0x0000 1 0 0 1
0x0000 1 0 0 1
0x0000 1 0 0 1
0x0000 1 0 0 1
0x0000 1 0 0 1
0x0000 1 0 0 1
0x0000 1 0 0 1
0x0000 1 0 0 1
0x0000 1 0 0 1
0x0000 1 0 0 1
0x0000 1 0 0 1
0x0000 1 0 0 1
0x0000 1 0 0 1
0x0000 1 0 0 1
0x0000 1 0 0 1
0x0000 1 0 0 1
0x0000 1 0 0 1
0x0000 1 0 0 1
0x0000 1 0 0 1
0x0000 1 0 0 1
0x0000 1 0 0 1
0x0000 1 0 0 1
0x0000 1 0 0 1
0x0000 1 0 0 1
0x0000 1 0 0 1
0x0000 1 0 0 1
0x0000 1 1 1 1
0x0000 1 0 0 1
0x0000 1 0 0 1
0x0000 1 0 0 1
0x0000 1 0 0 1
0x0000 1 0 0 1
0x0000 1 0 0 1
0x0000 1 0 0 1
0x0000 1 0 0 1
0x0000 1 0 0 1
0x0000 1 0 0 1
0x0000 1 0 0 1
0x0000 1 0 0 1
0x0000 1 0 0 1
0x0000 1 0 0 1
0x0000 1 0 0 1
0x0000 1 0 0 1
0x0000 1 0 0 1
0x0000 1 0 0 1
0x0000 1 0 0 1
0x0000 1 0 0 1
0x0000 1 0 0 1
0x0000 1 0 0 1
0x0000 1 0 0 1
0x0000 1 0 0 1
0x0000 1 0 0 1
0x0000 1 0 0 1
0x0000 1 0 0 1
0x0000 1 0 0 1
0x0000 1 0 0 1
0x0000 1 0 0 1
0x0000 1 0 0 1
0x0000 1 0 0 1
0x0000 1 0 0 1
0x0000 1 0 0 1
0x0000 1 0 0 1
0x0000 1 0 0 1
0x0000 1 0 0 1
0x0000 1 0 0 1
0x0000 1 0 0 1
0x0000 1 0 0 1
0x0000 1 0 0 1
0x0000 1 0 0 1
0x0001 1 0 0 1
0x0002 1 0 0 1
0x0004 1 0 0 1
0x0007 1 0 0 1
0x000b 1 0 0 1
0x0010 1 0 0 1
0x0016 1 0 0 1
0x001e 1 0 0 1
0x0026 1 0 0 1
0x002e 1 0 0 1
0x0037 1 0 0 1
0x003f 1 0 0 1
0x0044 1 0 0 1
0x0048 1 0 0 1
0x0048 1 0 0 1
0x0046 1 0 0 1
0x0041 1 0 0 1
0x003a 1 0 0 1
0x0032 1 0 0 1
0x0028 1 0 0 1
0x001f 1 0 0 1
0x0017 1 1 1 1
0x0000 1 0 0 1
0x0000 1 0 0 1
0x0000 1 0 0 1
0x0000 1 0 0 1
0x0000 1 0 0 1
0x0000 1 0 0 1
0x0000 1 0 0 1
0x0000 1 0 0 1
0x0000 1 0 0 1
0x0000 1 0 0 1
0x0000 1 0 0 1
0x0000 1 0 0 1
0x0000 1 0 0 1
0x0000 1 0 0 1
0x0000 1 0 0 1
0x0000 1 0 0 1
0x0000 1 0 0 1
0x0000 1 0 0 1
0x0000 1 0 0 1
0x0000 1 0 0 1
0x0000 1 0 0 1
0x0000 1 0 0 1
0x0000 1 0 0 1
0x0000 1 0 0 1
0x0000 1 0 0 1
0x0000 1 0 0 1
0x0000 1 0 0 1
0x0000 1 0 0 1
0x0000 1 0 0 1
0x0000 1 0 0 1
0x0000 1 0 0 1
0x0000 1 0 0 1
0x0000 1 0 0 1
0x0000 1 0 0 1
0x0000 1 0 0 1
0x0000 1 0 0 1
0x0000 1 0 0 1
0x0000 1 0 0 1
0x0000 1 0 0 1
0x0000 1 0 0 1
0x0000 1 0 0 1
0x0001 1 0 0 1
0x0002 1 0 0 1
0x0003 1 0 0 1
0x0006 1 0 0 1
0x0009 1 0 0 1
0x000d 1 0 0 1
0x0013 1 0 0 1
0x001b 1 0 0 1
0x0023 1 0 0 1
0x002b 1 0 0 1
0x0035 1 0 0 1
0x003d 1 0 0 1
0x0045 1 0 0 1
0x004a 1 0 0 1
0x004c 1 0 0 1
0x004c 1 0 0 1
0x0048 1 0 0 1
0x0042 1 0 0 1
0x003a 1 0 0 1
0x002f 1 0 0 1
0x0026 1 0 0 1
0x001d 1 0 0 1
0x0015 1 1 1 1
0x0000 1 0 0 1
0x0000 1 0 0 1
0x0001 1 0 0 1
0x0002 1 0 0 1
0x0004 1 0 0 1
0x0007 1 0 0 1
0x000b 1 0 0 1
0x0010 1 0 0 1
0x0017 1 0 0 1
0x001f 1 0 0 1
0x0028 1 0 0 1
0x0031 1 0 0 1
0x003b 1 0 0 1
0x0044 1 0 0 1
0x004b 1 0 0 1
0x004f 1 0 0 1
0x0050 1 0 0 1
0x004f 1 0 0 1
0x004a 1 0 0 1
0x0042 1 0 0 1
0x0039 1 0 0 1
0x002e 1 0 0 1
0x0025 1 0 0 1
0x001b 1 0 0 1
0x0014 1 0 0 1
0x000d 1 0 0 1
0x0008 1 0 0 1
0x0004 1 0 0 1
0x0002 1 0 0 1
0x0000 1 0 0 1
0xffff 1 0 0 1
0xfffe 1 0 0 1
0xfffe 1 0 0 1
0xfffe 1 0 0 1
0xfffe 1 0 0 1
0xfffe 1 0 0 1
0xfffe 1 0 0 1
0xfffe 1 0 0 1
0xfffe 1 0 0 1
0xfffe 1 0 0 1
0xfffe 1 0 0 1
0xfffe 1 0 0 1
0xfffe 1 0 0 1
0xfffe 1 0 0 1
0xfffe 1 0 0 1
0xfffe 1 0 0 1
0xffff 1 0 0 1
0xffff 1 0 0 1
0xffff 1 0 0 1
0xffff 1 0 0 1
0xffff 1 0 0 1
0xffff 1 0 0 1
0xffff 1 0 0 1
0xffff 1 0 0 1
0xffff 1 0 0 1
0xffff 1 0 0 1
0x0000 1 0 0 1
0x0000 1 0 0 1
0x0000 1 0 0 1
0x0000 1 0 0 1
0x0000 1 0 0 1
0x0000 1 0 0 1
0x0000 1 0 0 1
0x0000 1 1 1 1
0x0000 1 0 0 1
0x0000 1 0 0 1
0x0000 1 0 0 1
0x0000 1 0 0 1
0x0000 1 0 0 1
0x0000 1 0 0 1
0x0000 1 0 0 1
0x0000 1 0 0 1
0x0000 1 0 0 1
0x0000 1 0 0 1
0x0000 1 0 0 1
0x0000 1 0 0 1
0x0000 1 0 0 1
0x0000 1 0 0 1
0x0000 1 0 0 1
0x0000 1 0 0 1
0x0000 1 0 0 1
0x0000 1 0 0 1
0x0000 1 0 0 1
0x0000 1 0 0 1
0x0000 1 0 0 1
0x0000 1 0 0 1
0x0000 1 0 0 1
0x0000 1 0 0 1
0x0000 1 0 0 1
0x0000 1 0 0 1
0x0000 1 0 0 1
0x0000 1 0 0 1
0x0000 1 0 0 1
0x0000 1 0 0 1
0x0000 1 0 0 1
0x0000 1 0 0 1
0x0000 1 0 0 1
0x0000 1 0 0 1
0x0000 1 0 0 1
0x0000 1 0 0 1
0x0000 1 0 0 1
0x0000 1 0 0 1
0x0000 1 0 0 1
0x0000 1 0 0 1
0x0000 1 0 0 1
0x0000 1 0 0 1
0x0000 1 0 0 1
0x0000 1 0 0 1
0x0000 1 0 0 1
0x0000 1 0 0 1
0x0001 1 0 0 1
0x0002 1 0 0 1
0x0003 1 0 0 1
0x0006 1 0 0 1
0x0009 1 0 0 1
0x000e 1 0 0 1
0x0014 1 0 0 1
0x001c 1 0 0 1
0x0025 1 0 0 1
0x002e 1 0 0 1
0x0038 1 0 0 1
0x0042 1 0 0 1
0x004b 1 0 0 1
0x0051 1 0 0 1
0x0054 1 0 0 1
0x0054 1 0 0 1
0x0050 1 0 0 1
0x004a 1 1 1 1
0x0000 1 0 0 1
0x0000 1 0 0 1
0x0001 1 0 0 1
0x0002 1 0 0 1
0x0004 1 0 0 1
0x0007 1 0 0 1
0x000b 1 0 0 1
0x0011 1 0 0 1
0x0018 1 0 0 1
0x0021 1 0 0 1
0x002b 1 0 0 1
0x0034 1 0 0 1
0x003f 1 0 0 1
0x0049 1 0 0 1
0x0051 1 0 0 1
0x0057 1 0 0 1
0x0058 1 0 0 1
0x0057 1 0 0 1
0x0052 1 0 0 1
0x004a 1 0 0 1
0x0040 1 0 0 1
0x0035 1 0 0 1
0x002a 1 0 0 1
0x0020 1 0 0 1
0x0017 1 0 0 1
0x0010 1 0 0 1
0x000a 1 0 0 1
0x0006 1 0 0 1
0x0003 1 0 0 1
0x0001 1 0 0 1
0xffff 1 0 0 1
0xffff 1 0 0 1
0xfffe 1 0 0 1
0xfffe 1 0 0 1
0xfffe 1 0 0 1
0xfffe 1 0 0 1
0xfffe 1 0 0 1
0xfffe 1 0 0 1
0xfffe 1 0 0 1
0xfffe 1 0 0 1
0xfffe 1 0 0 1
0xfffe 1 0 0 1
0xfffe 1 0 0 1
0xfffe 1 0 0 1
0xfffe 1 0 0 1
0xfffe 1 0 0 1
0xfffe 1 0 0 1
0xffff 1 0 0 1
0xffff 1 0 0 1
0xffff 1 0 0 1
0xffff 1 0 0 1
0xffff 1 0 0 1
0xffff 1 0 0 1
0xffff 1 0 0 1
0xffff 1 0 0 1
0xffff 1 0 0 1
0xffff 1 0 0 1
0x0000 1 0 0 1
0x0000 1 0 0 1
0x0000 1 0 0 1
0x0000 1 0 0 1
0x0000 1 0 0 1
0x0000 1 0 0 1
0x0000 1 1 1 1
0x0000 1 0 0 1
0x0000 1 0 0 1
0x0000 1 0 0 1
0x0000 1 0 0 1
0x0000 1 0 0 1
0x0000 1 0 0 1
0x0000 1 0 0 1
0x0000 1 0 0 1
0x0000 1 0 0 1
0x0000 1 0 0 1
0x0000 1 0 0 1
0x0000 1 0 0 1
0x0000 1 0 0 1
0x0000 1 0 0 1
0x0000 1 0 0 1
0x0000 1 0 0 1
0x0000 1 0 0 1
0x0000 1 0 0 1
0x0000 1 0 0 1
0x0000 1 0 0 1
0x0000 1 0 0 1
0x0000 1 0 0 1
0x0000 1 0 0 1
0x0000 1 0 0 1
0x0000 1 0 0 1
0x0000 1 0 0 1
0x0000 1 0 0 1
0x0000 1 0 0 1
0x0000 1 0 0 1
0x0000 1 0 0 1
0x0000 1 0 0 1
0x0000 1 0 0 1
0x0000 1 0 0 1
0x0000 1 0 0 1
0x0000 1 0 0 1
0x0000 1 0 0 1
0x0000 1 0 0 1
0x0000 1 0 0 1
0x0000 1 0 0 1
0x0000 1 0 0 1
0x0000 1 0 0 1
0x0000 1 0 0 1
0x0000 1 0 0 1
0x0000 1 0 0 1
0x0000 1 0 0 1
0x0000 1 0 0 1
0x0000 1 0 0 1
0x0000 1 0 0 1
0x0000 1 0 0 1
0x0001 1 0 0 1
0x0002 1 0 0 1
0x0004 1 0 0 1
0x0007 1 0 0 1
0x000b 1 0 0 1
0x0010 1 0 0 1
0x0017 1 0 0 1
0x0020 1 0 0 1
0x002a 1 0 0 1
0x0034 1 0 0 1
0x003f 1 0 0 1
0x004a 1 0 0 1
0x0053 1 0 0 1
0x0059 1 0 0 1
0x005c 1 1 1 1
0x0000 1 0 0 1
0x0000 1 0 0 1
0x0000 1 0 0 1
0x0000 1 0 0 1
0x0000 1 0 0 1
0x0001 1 0 0 1
0x0002 1 0 0 1
0x0004 1 0 0 1
0x0007 1 0 0 1
0x000b 1 0 0 1
0x0011 1 0 0 1
0x0019 1 0 0 1
0x0022 1 0 0 1
0x002c 1 0 0 1
0x0037 1 0 0 1
0x0043 1 0 0 1
0x004e 1 0 0 1
0x0057 1 0 0 1
0x005d 1 0 0 1
0x0060 1 0 0 1
0x005f 1 0 0 1
0x005b 1 0 0 1
0x0053 1 0 0 1
0x0049 1 0 0 1
0x003c 1 0 0 1
0x0030 1 0 0 1
0x0025 1 0 0 1
0x001b 1 0 0 1
0x0013 1 0 0 1
0x000c 1 0 0 1
0x0007 1 0 0 1
0x0004 1 0 0 1
0x0001 1 0 0 1
0x0000 1 0 0 1
0xffff 1 0 0 1
0xfffe 1 0 0 1
0xfffe 1 0 0 1
0xfffe 1 0 0 1
0xfffe 1 0 0 1
0xfffe 1 0 0 1
0xfffe 1 0 0 1
0xfffe 1 0 0 1
0xfffe 1 0 0 1
0xfffe 1 0 0 1
0xfffe 1 0 0 1
0xfffe 1 0 0 1
0xfffe 1 0 0 1
0xfffe 1 0 0 1
0xfffe 1 0 0 1
0xfffe 1 0 0 1
0xfffe 1 0 0 1
0xffff 1 0 0 1
0xffff 1 0 0 1
0xffff 1 0 0 1
0xffff 1 0 0 1
0xffff 1 0 0 1
0xffff 1 0 0 1
0xffff 1 0 0 1
0xffff 1 0 0 1
0xffff 1 0 0 1
0xffff 1 0 0 1
0x0000 1 0 0 1
0x0000 1 0 0 1
0x0000 1 1 1 1
0x0000 1 0 0 1
0x0000 1 0 0 1
0x0000 1 0 0 1
0x0000 1 0 0 1
0x0000 1 0 0 1
0x0000 1 0 0 1
0x0000 1 0 0 1
0x0000 1 0 0 1
0x0000 1 0 0 1
0x0000 1 0 0 1
0x0000 1 0 0 1
0x0000 1 0 0 1
0x0000 1 0 0 1
0x0000 1 0 0 1
0x0000 1 0 0 1
0x0000 1 0 0 1
0x0000 1 0 0 1
0x0000 1 0 0 1
0x0000 1 0 0 1
0x0000 1 0 0 1
0x0000 1 0 0 1
0x0000 1 0 0 1
0x0000 1 0 0 1
0x0000 1 0 0 1
0x0000 1 0 0 1
0x0000 1 0 0 1
0x0000 1 0 0 1
0x0000 1 0 0 1
0x0000 1 0 0 1
0x0000 1 0 0 1
0x0000 1 0 0 1
0x0000 1 0 0 1
0x0000 1 0 0 1
0x0000 1 0 0 1
0x0000 1 0 0 1
0x0000 1 0 0 1
0x0000 1 0 0 1
0x0000 1 0 0 1
0x0000 1 0 0 1
0x0001 1 0 0 1
0x0001 1 0 0 1
0x0003 1 0 0 1
0x0005 1 0 0 1
0x0008 1 0 0 1
0x000c 1 0 0 1
0x0012 1 0 0 1
0x001a 1 0 0 1
0x0024 1 0 0 1
0x002e 1 0 0 1
0x003a 1 0 0 1
0x0046 1 0 0 1
0x0052 1 0 0 1
0x005b 1 0 0 1
0x0062 1 0 0 1
0x0064 1 0 0 1
0x0063 1 0 0 1
0x005e 1 0 0 1
0x0056 1 0 0 1
0x004a 1 0 0 1
0x003e 1 0 0 1
0x0031 1 0 0 1
0x0026 1 0 0 1
0x001c 1 0 0 1
0x0013 1 1 1 1
0x0038 1 0 0 1
0x0045 1 0 0 1
0x0051 1 0 0 1
0x005c 1 0 0 1
0x0064 1 0 0 1
0x0069 1 0 0 1
0x0069 1 0 0 1
0x0065 1 0 0 1
0x005e 1 0 0 1
0x0053 1 0 0 1
0x0046 1 0 0 1
0x003a 1 0 0 1
0x002d 1 0 0 1
0x0022 1 0 0 1
0x0018 1 0 0 1
0x0011 1 0 0 1
0x000b 1 0 0 1
0x0006 1 0 0 1
0x0003 1 0 0 1
0x0000 1 0 0 1
0xffff 1 0 0 1
0xfffe 1 0 0 1
0xfffe 1 0 0 1
0xfffe 1 0 0 1
0xfffe 1 0 0 1
0xfffe 1 0 0 1
0xfffe 1 0 0 1
0xfffe 1 0 0 1
0xfffe 1 0 0 1
0xffff 1 0 0 1
0xffff 1 0 0 1
0xffff 1 0 0 1
0xffff 1 0 0 1
0xffff 1 0 0 1
0xffff 1 0 0 1
0xffff 1 0 0 1
0xffff 1 0 0 1
0xffff 1 0 0 1
0xffff 1 0 0 1
0x0000 1 0 0 1
0x0000 1 0 0 1
0x0000 1 0 0 1
0x0000 1 0 0 1
0x0000 1 0 0 1
0x0000 1 0 0 1
0x0000 1 0 0 1
0x0000 1 0 0 1
0x0000 1 0 0 1
0x0000 1 0 0 1
0x0000 1 0 0 1
0x0000 1 0 0 1
0x0000 1 0 0 1
0x0000 1 0 0 1
0x0000 1 0 0 1
0x0000 1 0 0 1
0x0000 1 0 0 1
0x0000 1 0 0 1
0x0000 1 0 0 1
0x0000 1 0 0 1
0x0000 1 0 0 1
0x0000 1 0 0 1
0x0000 1 0 0 1
0x0000 1 0 0 1
0x0000 1 1 1 1
0x0000 1 0 0 1
0x0000 1 0 0 1
0x0000 1 0 0 1
0x0000 1 0 0 1
0x0000 1 0 0 1
0x0000 1 0 0 1
0x0000 1 0 0 1
0x0000 1 0 0 1
0x0000 1 0 0 1
0x0000 1 0 0 1
0x0000 1 0 0 1
0x0000 1 0 0 1
0x0000 1 0 0 1
0x0000 1 0 0 1
0x0000 1 0 0 1
0x0000 1 0 0 1
0x0000 1 0 0 1
0x0000 1 0 0 1
0x0000 1 0 0 1
0x0000 1 0 0 1
0x0000 1 0 0 1
0x0000 1 0 0 1
0x0000 1 0 0 1
0x0000 1 0 0 1
0x0000 1 0 0 1
0x0000 1 0 0 1
0x0000 1 0 0 1
0x0000 1 0 0 1
0x0000 1 0 0 1
0x0000 1 0 0 1
0x0000 1 0 0 1
0x0000 1 0 0 1
0x0000 1 0 0 1
0x0000 1 0 0 1
0x0000 1 0 0 1
0x0000 1 0 0 1
0x0000 1 0 0 1
0x0000 1 0 0 1
0x0001 1 0 0 1
0x0002 1 0 0 1
0x0004 1 0 0 1
0x0006 1 0 0 1
0x000a 1 0 0 1
0x0010 1 0 0 1
0x0017 1 0 0 1
0x0020 1 0 0 1
0x002c 1 0 0 1
0x0037 1 0 0 1
0x0044 1 0 0 1
0x0051 1 0 0 1
0x005d 1 0 0 1
0x0066 1 0 0 1
0x006b 1 0 0 1
0x006c 1 0 0 1
0x0069 1 0 0 1
0x0062 1 0 0 1
0x0058 1 0 0 1
0x004a 1 0 0 1
0x003d 1 0 0 1
0x0030 1 0 0 1
0x0024 1 0 0 1
0x001a 1 0 0 1
0x0011 1 0 0 1
0x000b 1 1 1 1
0x0002 1 0 0 1
0x0003 1 0 0 1
0x0006 1 0 0 1
0x000a 1 0 0 1
0x000f 1 0 0 1
0x0016 1 0 0 1
0x001f 1 0 0 1
0x002a 1 0 0 1
0x0037 1 0 0 1
0x0044 1 0 0 1
0x0051 1 0 0 1
0x005e 1 0 0 1
0x0068 1 0 0 1
0x006e 1 0 0 1
0x0070 1 0 0 1
0x006e 1 0 0 1
0x0068 1 0 0 1
0x005e 1 0 0 1
0x0051 1 0 0 1
0x0043 1 0 0 1
0x0035 1 0 0 1
0x0028 1 0 0 1
0x001d 1 0 0 1
0x0014 1 0 0 1
0x000d 1 0 0 1
0x0008 1 0 0 1
0x0004 1 0 0 1
0x0001 1 0 0 1
0x0000 1 0 0 1
0xffff 1 0 0 1
0xfffe 1 0 0 1
0xfffe 1 0 0 1
0xfffe 1 0 0 1
0xfffe 1 0 0 1
0xfffe 1 0 0 1
0xfffe 1 0 0 1
0xfffe 1 0 0 1
0xfffe 1 0 0 1
0xfffe 1 0 0 1
0xfffe 1 0 0 1
0xfffe 1 0 0 1
0xfffe 1 0 0 1
0xfffe 1 0 0 1
0xfffe 1 0 0 1
0xfffe 1 0 0 1
0xfffe 1 0 0 1
0xffff 1 0 0 1
0xffff 1 0 0 1
0xffff 1 0 0 1
0xffff 1 0 0 1
0xffff 1 0 0 1
0xffff 1 0 0 1
0xffff 1 0 0 1
0xffff 1 0 0 1
0xffff 1 0 0 1
0xffff 1 0 0 1
0x0000 1 0 0 1
0x0000 1 0 0 1
0x0000 1 0 0 1
0x0000 1 0 0 1
0x0000 1 0 0 1
0x0000 1 0 0 1
0x0000 1 0 0 1
0x0000 1 1 1 1
0x0000 1 0 0 1
0x0000 1 0 0 1
0x0000 1 0 0 1
0x0000 1 0 0 1
0x0001 1 0 0 1
0x0002 1 0 0 1
0x0004 1 0 0 1
0x0006 1 0 0 1
0x000a 1 0 0 1
0x0010 1 0 0 1
0x0017 1 0 0 1
0x0021 1 0 0 1
0x002c 1 0 0 1
0x0038 1 0 0 1
0x0047 1 0 0 1
0x0055 1 0 0 1
0x0062 1 0 0 1
0x006c 1 0 0 1
0x0072 1 0 0 1
0x0074 1 0 0 1
0x0072 1 0 0 1
0x006b 1 0 0 1
0x0061 1 0 0 1
0x0053 1 0 0 1
0x0044 1 0 0 1
0x0036 1 0 0 1
0x0029 1 0 0 1
0x001e 1 0 0 1
0x0015 1 0 0 1
0x000d 1 0 0 1
0x0008 1 0 0 1
0x0004 1 0 0 1
0x0001 1 0 0 1
0x0000 1 0 0 1
0xffff 1 0 0 1
0xfffe 1 0 0 1
0xfffe 1 0 0 1
0xfffe 1 0 0 1
0xfffe 1 0 0 1
0xfffe 1 0 0 1
0xfffe 1 0 0 1
0xfffe 1 0 0 1
0xfffe 1 0 0 1
0xfffe 1 0 0 1
0xfffe 1 0 0 1
0xfffe 1 0 0 1
0xfffe 1 0 0 1
0xfffe 1 0 0 1
0xfffe 1 0 0 1
0xfffe 1 0 0 1
0xfffe 1 0 0 1
0xfffe 1 0 0 1
0xffff 1 0 0 1
0xffff 1 0 0 1
0xffff 1 0 0 1
0xffff 1 0 0 1
0xffff 1 0 0 1
0xffff 1 0 0 1
0xffff 1 0 0 1
0xffff 1 0 0 1
0xffff 1 0 0 1
0xffff 1 0 0 1
0x0000 1 0 0 1
0x0000 1 1 1 1
0x0000 1 0 0 1
0x0000 1 0 0 1
0x0000 1 0 0 1
0x0000 1 0 0 1
0x0000 1 0 0 1
0x0000 1 0 0 1
0x0000 1 0 0 1
0x0000 1 0 0 1
0x0000 1 0 0 1
0x0000 1 0 0 1
0x0000 1 0 0 1
0x0000 1 0 0 1
0x0000 1 0 0 1
0x0000 1 0 0 1
0x0000 1 0 0 1
0x0000 1 0 0 1
0x0000 1 0 0 1
0x0000 1 0 0 1
0x0000 1 0 0 1
0x0000 1 0 0 1
0x0000 1 0 0 1
0x0000 1 0 0 1
0x0000 1 0 0 1
0x0000 1 0 0 1
0x0000 1 0 0 1
0x0000 1 0 0 1
0x0001 1 0 0 1
0x0002 1 0 0 1
0x0003 1 0 0 1
0x0006 1 0 0 1
0x000a 1 0 0 1
0x000f 1 0 0 1
0x0017 1 0 0 1
0x0020 1 0 0 1
0x002c 1 0 0 1
0x0038 1 0 0 1
0x0047 1 0 0 1
0x0055 1 0 0 1
0x0063 1 0 0 1
0x006e 1 0 0 1
0x0075 1 0 0 1
0x0078 1 0 0 1
0x0077 1 0 0 1
0x0070 1 0 0 1
0x0066 1 0 0 1
0x0058 1 0 0 1
0x0049 1 0 0 1
0x003b 1 0 0 1
0x002d 1 0 0 1
0x0021 1 0 0 1
0x0017 1 0 0 1
0x000f 1 0 0 1
0x0009 1 0 0 1
0x0005 1 0 0 1
0x0002 1 0 0 1
0x0000 1 0 0 1
0xffff 1 0 0 1
0xfffe 1 0 0 1
0xfffe 1 0 0 1
0xfffe 1 0 0 1
0xfffe 1 0 0 1
0xfffe 1 0 0 1
0xfffe 1 0 0 1
0xfffe 1 1 1 1
0x0000 1 0 0 1
0x0000 1 0 0 1
0x0000 1 0 0 1
0x0000 1 0 0 1
0x0000 1 0 0 1
0x0000 1 0 0 1
0x0000 1 0 0 1
0x0000 1 0 0 1
0x0000 1 0 0 1
0x0000 1 0 0 1
0x0000 1 0 0 1
0x0000 1 0 0 1
0x0000 1 0 0 1
0x0000 1 0 0 1
0x0000 1 0 0 1
0x0000 1 0 0 1
0x0000 1 0 0 1
0x0000 1 0 0 1
0x0000 1 0 0 1
0x0000 1 0 0 1
0x0000 1 0 0 1
0x0000 1 0 0 1
0x0000 1 0 0 1
0x0000 1 0 0 1
0x0000 1 0 0 1
0x0000 1 0 0 1
0x0000 1 0 0 1
0x0000 1 0 0 1
0x0000 1 0 0 1
0x0000 1 0 0 1
0x0000 1 0 0 1
0x0000 1 0 0 1
0x0000 1 0 0 1
0x0000 1 0 0 1
0x0000 1 0 0 1
0x0000 1 0 0 1
0x0000 1 0 0 1
0x0000 1 0 0 1
0x0000 1 0 0 1
0x0000 1 0 0 1
0x0000 1 0 0 1
0x0000 1 0 0 1
0x0000 1 0 0 1
0x0000 1 0 0 1
0x0001 1 0 0 1
0x0002 1 0 0 1
0x0004 1 0 0 1
0x0007 1 0 0 1
0x000c 1 0 0 1
0x0012 1 0 0 1
0x001a 1 0 0 1
0x0025 1 0 0 1
0x0031 1 0 0 1
0x003e 1 0 0 1
0x004e 1 0 0 1
0x005d 1 0 0 1
0x006a 1 0 0 1
0x0074 1 0 0 1
0x007b 1 0 0 1
0x007c 1 0 0 1
0x0079 1 0 0 1
0x0071 1 0 0 1
0x0065 1 0 0 1
0x0056 1 1 1 1
0x0000 1 0 0 1
0x0000 1 0 0 1
0x0000 1 0 0 1
0x0000 1 0 0 1
0x0000 1 0 0 1
0x0000 1 0 0 1
0x0000 1 0 0 1
0x0000 1 0 0 1
0x0001 1 0 0 1
0x0002 1 0 0 1
0x0005 1 0 0 1
0x0008 1 0 0 1
0x000c 1 0 0 1
0x0013 1 0 0 1
0x001c 1 0 0 1
0x0027 1 0 0 1
0x0034 1 0 0 1
0x0042 1 0 0 1
0x0051 1 0 0 1
0x0061 1 0 0 1
0x006e 1 0 0 1
0x0079 1 0 0 1
0x007f 1 0 0 1
0x0080 1 0 0 1
0x007c 1 0 0 1
0x0074 1 0 0 1
0x0068 1 0 0 1
0x0058 1 0 0 1
0x0048 1 0 0 1
0x0039 1 0 0 1
0x002b 1 0 0 1
0x001f 1 0 0 1
0x0015 1 0 0 1
0x000d 1 0 0 1
0x0008 1 0 0 1
0x0004 1 0 0 1
0x0001 1 0 0 1
0x0000 1 0 0 1
0xffff 1 0 0 1
0xfffe 1 0 0 1
0xfffe 1 0 0 1
0xfffe 1 0 0 1
0xfffe 1 0 0 1
0xfffe 1 0 0 1
0xfffe 1 0 0 1
0xfffe 1 0 0 1
0xfffe 1 0 0 1
0xfffe 1 0 0 1
0xfffe 1 0 0 1
0xfffe 1 0 0 1
0xfffe 1 0 0 1
0xfffe 1 0 0 1
0xfffe 1 0 0 1
0xfffe 1 0 0 1
0xfffe 1 0 0 1
0xfffe 1 0 0 1
0xffff 1 0 0 1
0xffff 1 0 0 1
0xffff 1 0 0 1
0xffff 1 0 0 1
0xffff 1 0 0 1
0xffff 1 0 0 1
0xffff 1 0 0 1
0xffff 1 1 1 1
0x0000 1 0 0 1
0x0000 1 0 0 1
0x0000 1 0 0 1
0x0000 1 0 0 1
0x0000 1 0 0 1
0x0000 1 0 0 1
0x0000 1 0 0 1
0x0000 1 0 0 1
0x0000 1 0 0 1
0x0000 1 0 0 1
0x0000 1 0 0 1
0x0000 1 0 0 1
0x0000 1 0 0 1
0x0000 1 0 0 1
0x0000 1 0 0 1
0x0000 1 0 0 1
0x0000 1 0 0 1
0x0000 1 0 0 1
0x0000 1 0 0 1
0x0000 1 0 0 1
0x0000 1 0 0 1
0x0000 1 0 0 1
0x0000 1 0 0 1
0x0000 1 0 0 1
0x0000 1 0 0 1
0x0001 1 0 0 1
0x0003 1 0 0 1
0x0005 1 0 0 1
0x0008 1 0 0 1
0x000d 1 0 0 1
0x0014 1 0 0 1
0x001d 1 0 0 1
0x0028 1 0 0 1
0x0036 1 0 0 1
0x0044 1 0 0 1
0x0055 1 0 0 1
0x0064 1 0 0 1
0x0072 1 0 0 1
0x007d 1 0 0 1
0x0083 1 0 0 1
0x0084 1 0 0 1
0x0080 1 0 0 1
0x0077 1 0 0 1
0x006a 1 0 0 1
0x005a 1 0 0 1
0x004a 1 0 0 1
0x003a 1 0 0 1
0x002c 1 0 0 1
0x001f 1 0 0 1
0x0015 1 0 0 1
0x000e 1 0 0 1
0x0008 1 0 0 1
0x0004 1 0 0 1
0x0001 1 0 0 1
0x0000 1 0 0 1
0xffff 1 0 0 1
0xfffe 1 0 0 1
0xfffe 1 0 0 1
0xfffe 1 0 0 1
0xfffe 1 0 0 1
0xfffe 1 0 0 1
0xfffe 1 0 0 1
0xfffe 1 0 0 1
0xfffe 1 1 1 1
0x0000 1 0 0 1
0x0000 1 0 0 1
0x0000 1 0 0 1
0x0000 1 0 0 1
0x0000 1 0 0 1
0x0000 1 0 0 1
0x0000 1 0 0 1
0x0000 1 0 0 1
0x0000 1 0 0 1
0x0000 1 0 0 1
0x0000 1 0 0 1
0x0000 1 0 0 1
0x0000 1 0 0 1
0x0000 1 0 0 1
0x0000 1 0 0 1
0x0000 1 0 0 1
0x0000 1 0 0 1
0x0001 1 0 0 1
0x0002 1 0 0 1
0x0004 1 0 0 1
0x0007 1 0 0 1
0x000c 1 0 0 1
0x0012 1 0 0 1
0x001b 1 0 0 1
0x0026 1 0 0 1
0x0034 1 0 0 1
0x0042 1 0 0 1
0x0053 1 0 0 1
0x0063 1 0 0 1
0x0072 1 0 0 1
0x007e 1 0 0 1
0x0086 1 0 0 1
0x0088 1 0 0 1
0x0086 1 0 0 1
0x007e 1 0 0 1
0x0071 1 0 0 1
0x0061 1 0 0 1
0x0051 1 0 0 1
0x0040 1 0 0 1
0x0031 1 0 0 1
0x0024 1 0 0 1
0x0019 1 0 0 1
0x0010 1 0 0 1
0x000a 1 0 0 1
0x0005 1 0 0 1
0x0002 1 0 0 1
0x0000 1 0 0 1
0xffff 1 0 0 1
0xfffe 1 0 0 1
0xfffe 1 0 0 1
0xfffe 1 0 0 1
0xfffe 1 0 0 1
0xfffe 1 0 0 1
0xfffe 1 0 0 1
0xfffe 1 0 0 1
0xfffe 1 0 0 1
0xfffe 1 0 0 1
0xfffe 1 0 0 1
0xfffe 1 0 0 1
0xfffe 1 0 0 1
0xfffe 1 0 0 1
0xfffe 1 0 0 1
0xfffe 1 0 0 1
0xfffe 1 1 1 1
0x0000 1 0 0 1
0x0000 1 0 0 1
0x0000 1 0 0 1
0x0000 1 0 0 1
0x0000 1 0 0 1
0x0000 1 0 0 1
0x0000 1 0 0 1
0x0000 1 0 0 1
0x0000 1 0 0 1
0x0000 1 0 0 1
0x0000 1 0 0 1
0x0000 1 0 0 1
0x0000 1 0 0 1
0x0000 1 0 0 1
0x0000 1 0 0 1
0x0000 1 0 0 1
0x0000 1 0 0 1
0x0000 1 0 0 1
0x0000 1 0 0 1
0x0000 1 0 0 1
0x0000 1 0 0 1
0x0000 1 0 0 1
0x0000 1 0 0 1
0x0000 1 0 0 1
0x0001 1 0 0 1
0x0003 1 0 0 1
0x0005 1 0 0 1
0x0008 1 0 0 1
0x000d 1 0 0 1
0x0014 1 0 0 1
0x001e 1 0 0 1
0x0029 1 0 0 1
0x0038 1 0 0 1
0x0047 1 0 0 1
0x0058 1 0 0 1
0x0069 1 0 0 1
0x0078 1 0 0 1
0x0084 1 0 0 1
0x008b 1 0 0 1
0x008c 1 0 0 1
0x0089 1 0 0 1
0x007f 1 0 0 1
0x0072 1 0 0 1
0x0061 1 0 0 1
0x0050 1 0 0 1
0x003f 1 0 0 1
0x0030 1 0 0 1
0x0023 1 0 0 1
0x0018 1 0 0 1
0x000f 1 0 0 1
0x0009 1 0 0 1
0x0005 1 0 0 1
0x0002 1 0 0 1
0x0000 1 0 0 1
0xffff 1 0 0 1
0xfffe 1 0 0 1
0xfffe 1 0 0 1
0xfffe 1 0 0 1
0xfffe 1 0 0 1
0xfffe 1 0 0 1
0xfffe 1 0 0 1
0xfffe 1 0 0 1
0xfffe 1 0 0 1
0xfffe 1 1 1 1
0x0000 1 0 0 1
0x0000 1 0 0 1
0x0000 1 0 0 1
0x0000 1 0 0 1
0x0000 1 0 0 1
0x0000 1 0 0 1
0x0000 1 0 0 1
0x0000 1 0 0 1
0x0000 1 0 0 1
0x0000 1 0 0 1
0x0000 1 0 0 1
0x0000 1 0 0 1
0x0000 1 0 0 1
0x0000 1 0 0 1
0x0000 1 0 0 1
0x0000 1 0 0 1
0x0000 1 0 0 1
0x0000 1 0 0 1
0x0000 1 0 0 1
0x0000 1 0 0 1
0x0000 1 0 0 1
0x0000 1 0 0 1
0x0000 1 0 0 1
0x0000 1 0 0 1
0x0000 1 0 0 1
0x0000 1 0 0 1
0x0000 1 0 0 1
0x0000 1 0 0 1
0x0000 1 0 0 1
0x0000 1 0 0 1
0x0000 1 0 0 1
0x0000 1 0 0 1
0x0000 1 0 0 1
0x0000 1 0 0 1
0x0000 1 0 0 1
0x0000 1 0 0 1
0x0000 1 0 0 1
0x0000 1 0 0 1
0x0001 1 0 0 1
0x0002 1 0 0 1
0x0003 1 0 0 1
0x0006 1 0 0 1
0x000a 1 0 0 1
0x000f 1 0 0 1
0x0017 1 0 0 1
0x0021 1 0 0 1
0x002e 1 0 0 1
0x003c 1 0 0 1
0x004d 1 0 0 1
0x005f 1 0 0 1
0x0070 1 0 0 1
0x007f 1 0 0 1
0x008a 1 0 0 1
0x0090 1 0 0 1
0x0090 1 0 0 1
0x008b 1 0 0 1
0x0080 1 0 0 1
0x0071 1 0 0 1
0x0060 1 0 0 1
0x004e 1 0 0 1
0x003d 1 0 0 1
0x002e 1 0 0 1
0x0021 1 0 0 1
0x0016 1 1 1 1
0x0000 1 0 0 1
0x0000 1 0 0 1
0x0000 1 0 0 1
0x0000 1 0 0 1
0x0000 1 0 0 1
0x0000 1 0 0 1
0x0000 1 0 0 1
0x0000 1 0 0 1
0x0000 1 0 0 1
0x0000 1 0 0 1
0x0000 1 0 0 1
0x0000 1 0 0 1
0x0000 1 0 0 1
0x0000 1 0 0 1
0x0000 1 0 0 1
0x0000 1 0 0 1
0x0000 1 0 0 1
0x0000 1 0 0 1
0x0001 1 0 0 1
0x0002 1 0 0 1
0x0004 1 0 0 1
0x0008 1 0 0 1
0x000d 1 0 0 1
0x0013 1 0 0 1
0x001d 1 0 0 1
0x0029 1 0 0 1
0x0037 1 0 0 1
0x0047 1 0 0 1
0x0059 1 0 0 1
0x006b 1 0 0 1
0x007b 1 0 0 1
0x0088 1 0 0 1
0x0091 1 0 0 1
0x0094 1 0 0 1
0x0092 1 0 0 1
0x008a 1 0 0 1
0x007d 1 0 0 1
0x006b 1 0 0 1
0x0059 1 0 0 1
0x0047 1 0 0 1
0x0037 1 0 0 1
0x0028 1 0 0 1
0x001c 1 0 0 1
0x0012 1 0 0 1
0x000b 1 0 0 1
0x0006 1 0 0 1
0x0003 1 0 0 1
0x0000 1 0 0 1
0xfffe 1 0 0 1
0xfffd 1 0 0 1
0xfffd 1 0 0 1
0xfffd 1 0 0 1
0xfffd 1 0 0 1
0xfffd 1 0 0 1
0xfffd 1 0 0 1
0xfffd 1 0 0 1
0xfffd 1 0 0 1
0xfffe 1 0 0 1
0xfffe 1 0 0 1
0xfffe 1 0 0 1
0xfffe 1 0 0 1
0xfffe 1 0 0 1
0xfffe 1 0 0 1
0xfffe 1 1 1 1
0x0056 1 0 0 1
0x0069 1 0 0 1
0x007a 1 0 0 1
0x0089 1 0 0 1
0x0094 1 0 0 1
0x0099 1 0 0 1
0x0098 1 0 0 1
0x0091 1 0 0 1
0x0085 1 0 0 1
0x0075 1 0 0 1
0x0063 1 0 0 1
0x0050 1 0 0 1
0x003e 1 0 0 1
0x002e 1 0 0 1
0x0021 1 0 0 1
0x0017 1 0 0 1
0x000e 1 0 0 1
0x0009 1 0 0 1
0x0005 1 0 0 1
0x0001 1 0 0 1
0x0000 1 0 0 1
0xffff 1 0 0 1
0xfffe 1 0 0 1
0xfffe 1 0 0 1
0xfffe 1 0 0 1
0xfffe 1 0 0 1
0xfffe 1 0 0 1
0xfffe 1 0 0 1
0xfffe 1 0 0 1
0xfffe 1 0 0 1
0xffff 1 0 0 1
0xffff 1 0 0 1
0xffff 1 0 0 1
0xffff 1 0 0 1
0xffff 1 0 0 1
0xffff 1 0 0 1
0xffff 1 0 0 1
0xffff 1 0 0 1
0xffff 1 0 0 1
0xffff 1 0 0 1
0x0000 1 0 0 1
0x0000 1 0 0 1
0x0000 1 0 0 1
0x0000 1 0 0 1
0x0000 1 0 0 1
0x0000 1 0 0 1
0x0000 1 0 0 1
0x0000 1 0 0 1
0x0000 1 0 0 1
0x0000 1 0 0 1
0x0000 1 0 0 1
0x0000 1 0 0 1
0x0000 1 0 0 1
0x0000 1 0 0 1
0x0000 1 0 0 1
0x0000 1 0 0 1
0x0000 1 0 0 1
0x0000 1 0 0 1
0x0000 1 0 0 1
0x0000 1 0 0 1
0x0000 1 0 0 1
0x0000 1 0 0 1
0x0000 1 0 0 1
0x0000 1 1 1 1
0x0000 1 0 0 1
0x0000 1 0 0 1
0x0000 1 0 0 1
0x0000 1 0 0 1
0x0000 1 0 0 1
0x0000 1 0 0 1
0x0000 1 0 0 1
0x0000 1 0 0 1
0x0000 1 0 0 1
0x0000 1 0 0 1
0x0000 1 0 0 1
0x0000 1 0 0 1
0x0000 1 0 0 1
0x0000 1 0 0 1
0x0000 1 0 0 1
0x0000 1 0 0 1
0x0000 1 0 0 1
0x0000 1 0 0 1
0x0000 1 0 0 1
0x0000 1 0 0 1
0x0000 1 0 0 1
0x0000 1 0 0 1
0x0000 1 0 0 1
0x0000 1 0 0 1
0x0001 1 0 0 1
0x0002 1 0 0 1
0x0005 1 0 0 1
0x0008 1 0 0 1
0x000d 1 0 0 1
0x0014 1 0 0 1
0x001d 1 0 0 1
0x002a 1 0 0 1
0x0039 1 0 0 1
0x0049 1 0 0 1
0x005c 1 0 0 1
0x006f 1 0 0 1
0x0080 1 0 0 1
0x008f 1 0 0 1
0x0098 1 0 0 1
0x009c 1 0 0 1
0x009a 1 0 0 1
0x0092 1 0 0 1
0x0085 1 0 0 1
0x0073 1 0 0 1
0x0060 1 0 0 1
0x004d 1 0 0 1
0x003b 1 0 0 1
0x002b 1 0 0 1
0x001e 1 0 0 1
0x0014 1 0 0 1
0x000c 1 0 0 1
0x0007 1 0 0 1
0x0003 1 0 0 1
0x0000 1 0 0 1
0xfffe 1 0 0 1
0xfffe 1 0 0 1
0xfffd 1 0 0 1
0xfffd 1 0 0 1
0xfffd 1 0 0 1
0xfffd 1 0 0 1
0xfffd 1 0 0 1
0xfffd 1 0 0 1
0xfffd 1 0 0 1
0xfffe 1 1 1 1
0x0000 1 0 0 1
0x0000 1 0 0 1
0x0000 1 0 0 1
0x0000 1 0 0 1
0x0000 1 0 0 1
0x0000 1 0 0 1
0x0000 1 0 0 1
0x0000 1 0 0 1
0x0000 1 0 0 1
0x0000 1 0 0 1
0x0000 1 0 0 1
0x0000 1 0 0 1
0x0000 1 0 0 1
0x0000 1 0 0 1
0x0000 1 0 0 1
0x0000 1 0 0 1
0x0000 1 0 0 1
0x0000 1 0 0 1
0x0000 1 0 0 1
0x0000 1 0 0 1
0x0000 1 0 0 1
0x0000 1 0 0 1
0x0000 1 0 0 1
0x0000 1 0 0 1
0x0000 1 0 0 1
0x0000 1 0 0 1
0x0000 1 0 0 1
0x0000 1 0 0 1
0x0000 1 0 0 1
0x0000 1 0 0 1
0x0000 1 0 0 1
0x0000 1 0 0 1
0x0000 1 0 0 1
0x0000 1 0 0 1
0x0000 1 0 0 1
0x0000 1 0 0 1
0x0000 1 0 0 1
0x0000 1 0 0 1
0x0000 1 0 0 1
0x0001 1 0 0 1
0x0002 1 0 0 1
0x0004 1 0 0 1
0x0007 1 0 0 1
0x000b 1 0 0 1
0x0011 1 0 0 1
0x001a 1 0 0 1
0x0025 1 0 0 1
0x0034 1 0 0 1
0x0044 1 0 0 1
0x0056 1 0 0 1
0x006a 1 0 0 1
0x007d 1 0 0 1
0x008d 1 0 0 1
0x0099 1 0 0 1
0x00a0 1 0 0 1
0x00a0 1 0 0 1
0x009a 1 0 0 1
0x008e 1 0 0 1
0x007d 1 0 0 1
0x006a 1 0 0 1
0x0056 1 0 0 1
0x0044 1 0 0 1
0x0033 1 0 0 1
0x0024 1 1 1 1
0x0000 1 0 0 1
0x0000 1 0 0 1
0x0000 1 0 0 1
0x0000 1 0 0 1
0x0000 1 0 0 1
0x0000 1 0 0 1
0x0000 1 0 0 1
0x0000 1 0 0 1
0x0000 1 0 0 1
0x0000 1 0 0 1
0x0000 1 0 0 1
0x0000 1 0 0 1
0x0000 1 0 0 1
0x0001 1 0 0 1
0x0001 1 0 0 1
0x0003 1 0 0 1
0x0005 1 0 0 1
0x0009 1 0 0 1
0x000f 1 0 0 1
0x0017 1 0 0 1
0x0022 1 0 0 1
0x002f 1 0 0 1
0x003f 1 0 0 1
0x0051 1 0 0 1
0x0065 1 0 0 1
0x0079 1 0 0 1
0x008b 1 0 0 1
0x0099 1 0 0 1
0x00a2 1 0 0 1
0x00a4 1 0 0 1
0x00a0 1 0 0 1
0x0096 1 0 0 1
0x0086 1 0 0 1
0x0074 1 0 0 1
0x0060 1 0 0 1
0x004c 1 0 0 1
0x003a 1 0 0 1
0x002a 1 0 0 1
0x001d 1 0 0 1
0x0013 1 0 0 1
0x000c 1 0 0 1
0x0006 1 0 0 1
0x0002 1 0 0 1
0x0000 1 0 0 1
0xfffe 1 0 0 1
0xfffd 1 0 0 1
0xfffd 1 0 0 1
0xfffd 1 0 0 1
0xfffd 1 0 0 1
0xfffd 1 0 0 1
0xfffd 1 0 0 1
0xfffd 1 0 0 1
0xfffd 1 0 0 1
0xfffe 1 0 0 1
0xfffe 1 0 0 1
0xfffe 1 0 0 1
0xfffe 1 0 0 1
0xfffe 1 0 0 1
0xfffe 1 0 0 1
0xfffe 1 0 0 1
0xfffe 1 0 0 1
0xfffe 1 0 0 1
0xfffe 1 0 0 1
0xffff 1 1 1 1
0x003d 1 0 0 1
0x0050 1 0 0 1
0x0064 1 0 0 1
0x0078 1 0 0 1
0x008b 1 0 0 1
0x009b 1 0 0 1
0x00a5 1 0 0 1
0x00a9 1 0 0 1
0x00a7 1 0 0 1
0x009d 1 0 0 1
0x008f 1 0 0 1
0x007c 1 0 0 1
0x0068 1 0 0 1
0x0054 1 0 0 1
0x0041 1 0 0 1
0x0030 1 0 0 1
0x0022 1 0 0 1
0x0017 1 0 0 1
0x000e 1 0 0 1
0x0008 1 0 0 1
0x0004 1 0 0 1
0x0001 1 0 0 1
0x0000 1 0 0 1
0xffff 1 0 0 1
0xfffe 1 0 0 1
0xfffe 1 0 0 1
0xfffe 1 0 0 1
0xfffe 1 0 0 1
0xfffe 1 0 0 1
0xfffe 1 0 0 1
0xfffe 1 0 0 1
0xfffe 1 0 0 1
0xfffe 1 0 0 1
0xfffe 1 0 0 1
0xffff 1 0 0 1
0xffff 1 0 0 1
0xffff 1 0 0 1
0xffff 1 0 0 1
0xffff 1 0 0 1
0xffff 1 0 0 1
0xffff 1 0 0 1
0xffff 1 0 0 1
0xffff 1 0 0 1
0xffff 1 0 0 1
0x0000 1 0 0 1
0x0000 1 0 0 1
0x0000 1 0 0 1
0x0000 1 0 0 1
0x0000 1 0 0 1
0x0000 1 0 0 1
0x0000 1 0 0 1
0x0000 1 0 0 1
0x0000 1 0 0 1
0x0000 1 0 0 1
0x0000 1 0 0 1
0x0000 1 0 0 1
0x0000 1 0 0 1
0x0000 1 0 0 1
0x0000 1 0 0 1
0x0000 1 0 0 1
0x0000 1 0 0 1
0x0000 1 0 0 1
0x0000 1 0 0 1
0x0000 1 1 1 1
0x0000 1 0 0 1
0x0000 1 0 0 1
0x0000 1 0 0 1
0x0000 1 0 0 1
0x0000 1 0 0 1
0x0000 1 0 0 1
0x0000 1 0 0 1
0x0000 1 0 0 1
0x0000 1 0 0 1
0x0000 1 0 0 1
0x0000 1 0 0 1
0x0000 1 0 0 1
0x0000 1 0 0 1
0x0000 1 0 0 1
0x0000 1 0 0 1
0x0000 1 0 0 1
0x0000 1 0 0 1
0x0001 1 0 0 1
0x0002 1 0 0 1
0x0004 1 0 0 1
0x0007 1 0 0 1
0x000c 1 0 0 1
0x0013 1 0 0 1
0x001d 1 0 0 1
0x0029 1 0 0 1
0x0039 1 0 0 1
0x004b 1 0 0 1
0x005f 1 0 0 1
0x0074 1 0 0 1
0x0088 1 0 0 1
0x0099 1 0 0 1
0x00a6 1 0 0 1
0x00ac 1 0 0 1
0x00ab 1 0 0 1
0x00a4 1 0 0 1
0x0097 1 0 0 1
0x0084 1 0 0 1
0x0070 1 0 0 1
0x005b 1 0 0 1
0x0047 1 0 0 1
0x0035 1 0 0 1
0x0026 1 0 0 1
0x0019 1 0 0 1
0x0010 1 0 0 1
0x0009 1 0 0 1
0x0005 1 0 0 1
0x0001 1 0 0 1
0xffff 1 0 0 1
0xfffe 1 0 0 1
0xfffd 1 0 0 1
0xfffd 1 0 0 1
0xfffd 1 0 0 1
0xfffd 1 0 0 1
0xfffd 1 0 0 1
0xfffd 1 0 0 1
0xfffd 1 0 0 1
0xfffe 1 0 0 1
0xfffe 1 0 0 1
0xfffe 1 0 0 1
0xfffe 1 0 0 1
0xfffe 1 0 0 1
0xfffe 1 0 0 1
0xfffe 1 0 0 1
0xfffe 1 1 1 1
0x0000 1 0 0 1
0x0000 1 0 0 1
0x0000 1 0 0 1
0x0000 1 0 0 1
0x0000 1 0 0 1
0x0000 1 0 0 1
0x0000 1 0 0 1
0x0000 1 0 0 1
0x0000 1 0 0 1
0x0000 1 0 0 1
0x0000 1 0 0 1
0x0000 1 0 0 1
0x0000 1 0 0 1
0x0000 1 0 0 1
0x0000 1 0 0 1
0x0000 1 0 0 1
0x0000 1 0 0 1
0x0000 1 0 0 1
0x0000 1 0 0 1
0x0000 1 0 0 1
0x0000 1 0 0 1
0x0001 1 0 0 1
0x0002 1 0 0 1
0x0004 1 0 0 1
0x0007 1 0 0 1
0x000c 1 0 0 1
0x0013 1 0 0 1
0x001d 1 0 0 1
0x0029 1 0 0 1
0x0039 1 0 0 1
0x004b 1 0 0 1
0x005f 1 0 0 1
0x0075 1 0 0 1
0x008a 1 0 0 1
0x009b 1 0 0 1
0x00a9 1 0 0 1
0x00b0 1 0 0 1
0x00b0 1 0 0 1
0x00a9 1 0 0 1
0x009c 1 0 0 1
0x0089 1 0 0 1
0x0075 1 0 0 1
0x005f 1 0 0 1
0x004a 1 0 0 1
0x0038 1 0 0 1
0x0028 1 0 0 1
0x001b 1 0 0 1
0x0011 1 0 0 1
0x000a 1 0 0 1
0x0005 1 0 0 1
0x0001 1 0 0 1
0xffff 1 0 0 1
0xfffe 1 0 0 1
0xfffd 1 0 0 1
0xfffd 1 0 0 1
0xfffd 1 0 0 1
0xfffd 1 0 0 1
0xfffd 1 0 0 1
0xfffd 1 0 0 1
0xfffd 1 0 0 1
0xfffe 1 0 0 1
0xfffe 1 0 0 1
0xfffe 1 0 0 1
0xfffe 1 1 1 1
0x0000 1 0 0 1
0x0000 1 0 0 1
0x0000 1 0 0 1
0x0000 1 0 0 1
0x0000 1 0 0 1
0x0000 1 0 0 1
0x0000 1 0 0 1
0x0000 1 0 0 1
0x0000 1 0 0 1
0x0000 1 0 0 1
0x0000 1 0 0 1
0x0001 1 0 0 1
0x0002 1 0 0 1
0x0003 1 0 0 1
0x0006 1 0 0 1
0x000a 1 0 0 1
0x0011 1 0 0 1
0x001a 1 0 0 1
0x0026 1 0 0 1
0x0035 1 0 0 1
0x0046 1 0 0 1
0x005a 1 0 0 1
0x0070 1 0 0 1
0x0086 1 0 0 1
0x0099 1 0 0 1
0x00a8 1 0 0 1
0x00b2 1 0 0 1
0x00b4 1 0 0 1
0x00b0 1 0 0 1
0x00a4 1 0 0 1
0x0093 1 0 0 1
0x007e 1 0 0 1
0x0069 1 0 0 1
0x0053 1 0 0 1
0x003f 1 0 0 1
0x002e 1 0 0 1
0x0020 1 0 0 1
0x0015 1 0 0 1
0x000d 1 0 0 1
0x0007 1 0 0 1
0x0002 1 0 0 1
0x0000 1 0 0 1
0xfffe 1 0 0 1
0xfffd 1 0 0 1
0xfffd 1 0 0 1
0xfffd 1 0 0 1
0xfffd 1 0 0 1
0xfffd 1 0 0 1
0xfffd 1 0 0 1
0xfffd 1 0 0 1
0xfffd 1 0 0 1
0xfffe 1 0 0 1
0xfffe 1 0 0 1
0xfffe 1 0 0 1
0xfffe 1 0 0 1
0xfffe 1 0 0 1
0xfffe 1 0 0 1
0xfffe 1 0 0 1
0xfffe 1 0 0 1
0xfffe 1 0 0 1
0xfffe 1 0 0 1
0xffff 1 0 0 1
0xffff 1 0 0 1
0xffff 1 1 1 1
0x0000 1 0 0 1
0x0000 1 0 0 1
0x0000 1 0 0 1
0x0000 1 0 0 1
0x0000 1 0 0 1
0x0000 1 0 0 1
0x0000 1 0 0 1
0x0000 1 0 0 1
0x0000 1 0 0 1
0x0000 1 0 0 1
0x0000 1 0 0 1
0x0000 1 0 0 1
0x0000 1 0 0 1
0x0000 1 0 0 1
0x0000 1 0 0 1
0x0000 1 0 0 1
0x0000 1 0 0 1
0x0000 1 0 0 1
0x0000 1 0 0 1
0x0000 1 0 0 1
0x0000 1 0 0 1
0x0000 1 0 0 1
0x0000 1 0 0 1
0x0000 1 0 0 1
0x0000 1 0 0 1
0x0000 1 0 0 1
0x0000 1 0 0 1
0x0000 1 0 0 1
0x0000 1 0 0 1
0x0000 1 0 0 1
0x0000 1 0 0 1
0x0000 1 0 0 1
0x0000 1 0 0 1
0x0000 1 0 0 1
0x0000 1 0 0 1
0x0000 1 0 0 1
0x0000 1 0 0 1
0x0000 1 0 0 1
0x0000 1 0 0 1
0x0000 1 0 0 1
0x0000 1 0 0 1
0x0000 1 0 0 1
0x0000 1 0 0 1
0x0000 1 0 0 1
0x0000 1 0 0 1
0x0001 1 0 0 1
0x0002 1 0 0 1
0x0005 1 0 0 1
0x0008 1 0 0 1
0x000d 1 0 0 1
0x0015 1 0 0 1
0x001f 1 0 0 1
0x002d 1 0 0 1
0x003e 1 0 0 1
0x0050 1 0 0 1
0x0066 1 0 0 1
0x007d 1 0 0 1
0x0092 1 0 0 1
0x00a4 1 0 0 1
0x00b1 1 0 0 1
0x00b8 1 0 0 1
0x00b7 1 0 0 1
0x00af 1 0 0 1
0x00a1 1 1 1 1
0x0000 1 0 0 1
0x0000 1 0 0 1
0x0000 1 0 0 1
0x0000 1 0 0 1
0x0000 1 0 0 1
0x0000 1 0 0 1
0x0000 1 0 0 1
0x0000 1 0 0 1
0x0000 1 0 0 1
0x0000 1 0 0 1
0x0000 1 0 0 1
0x0000 1 0 0 1
0x0000 1 0 0 1
0x0000 1 0 0 1
0x0000 1 0 0 1
0x0000 1 0 0 1
0x0000 1 0 0 1
0x0000 1 0 0 1
0x0000 1 0 0 1
0x0000 1 0 0 1
0x0000 1 0 0 1
0x0000 1 0 0 1
0x0000 1 0 0 1
0x0000 1 0 0 1
0x0000 1 0 0 1
0x0000 1 0 0 1
0x0000 1 0 0 1
0x0000 1 0 0 1
0x0000 1 0 0 1
0x0000 1 0 0 1
0x0000 1 0 0 1
0x0000 1 0 0 1
0x0000 1 0 0 1
0x0000 1 0 0 1
0x0000 1 0 0 1
0x0000 1 0 0 1
0x0000 1 0 0 1
0x0000 1 0 0 1
0x0000 1 0 0 1
0x0000 1 0 0 1
0x0000 1 0 0 1
0x0000 1 0 0 1
0x0000 1 0 0 1
0x0001 1 0 0 1
0x0002 1 0 0 1
0x0004 1 0 0 1
0x0007 1 0 0 1
0x000c 1 0 0 1
0x0013 1 0 0 1
0x001c 1 0 0 1
0x0029 1 0 0 1
0x0039 1 0 0 1
0x004c 1 0 0 1
0x0061 1 0 0 1
0x0078 1 0 0 1
0x008f 1 0 0 1
0x00a2 1 0 0 1
0x00b2 1 0 0 1
0x00bb 1 0 0 1
0x00bc 1 0 0 1
0x00b6 1 0 0 1
0x00aa 1 0 0 1
0x0097 1 0 0 1
0x0081 1 1 1 1
0x0000 1 0 0 1
0x0000 1 0 0 1
0x0001 1 0 0 1
0x0002 1 0 0 1
0x0003 1 0 0 1
0x0006 1 0 0 1
0x000a 1 0 0 1
0x0010 1 0 0 1
0x0019 1 0 0 1
0x0024 1 0 0 1
0x0033 1 0 0 1
0x0045 1 0 0 1
0x005a 1 0 0 1
0x0071 1 0 0 1
0x0089 1 0 0 1
0x009e 1 0 0 1
0x00b0 1 0 0 1
0x00bc 1 0 0 1
0x00c0 1 0 0 1
0x00bd 1 0 0 1
0x00b3 1 0 0 1
0x00a2 1 0 0 1
0x008d 1 0 0 1
0x0076 1 0 0 1
0x005f 1 0 0 1
0x0049 1 0 0 1
0x0035 1 0 0 1
0x0026 1 0 0 1
0x0019 1 0 0 1
0x0010 1 0 0 1
0x0009 1 0 0 1
0x0004 1 0 0 1
0x0001 1 0 0 1
0xffff 1 0 0 1
0xfffe 1 0 0 1
0xfffd 1 0 0 1
0xfffd 1 0 0 1
0xfffd 1 0 0 1
0xfffd 1 0 0 1
0xfffd 1 0 0 1
0xfffd 1 0 0 1
0xfffd 1 0 0 1
0xfffd 1 0 0 1
0xfffe 1 0 0 1
0xfffe 1 0 0 1
0xfffe 1 0 0 1
0xfffe 1 0 0 1
0xfffe 1 0 0 1
0xfffe 1 0 0 1
0xfffe 1 0 0 1
0xfffe 1 0 0 1
0xfffe 1 0 0 1
0xfffe 1 0 0 1
0xffff 1 0 0 1
0xffff 1 0 0 1
0xffff 1 0 0 1
0xffff 1 0 0 1
0xffff 1 0 0 1
0xffff 1 0 0 1
0xffff 1 0 0 1
0xffff 1 0 0 1
0xffff 1 0 0 1
0xffff 1 0 0 1
0x0000 1 1 1 1
0x0000 1 0 0 1
0x0000 1 0 0 1
0x0000 1 0 0 1
0x0000 1 0 0 1
0x0000 1 0 0 1
0x0000 1 0 0 1
0x0000 1 0 0 1
0x0000 1 0 0 1
0x0000 1 0 0 1
0x0000 1 0 0 1
0x0000 1 0 0 1
0x0000 1 0 0 1
0x0000 1 0 0 1
0x0000 1 0 0 1
0x0000 1 0 0 1
0x0000 1 0 0 1
0x0000 1 0 0 1
0x0000 1 0 0 1
0x0000 1 0 0 1
0x0000 1 0 0 1
0x0000 1 0 0 1
0x0000 1 0 0 1
0x0000 1 0 0 1
0x0000 1 0 0 1
0x0000 1 0 0 1
0x0000 1 0 0 1
0x0000 1 0 0 1
0x0000 1 0 0 1
0x0000 1 0 0 1
0x0000 1 0 0 1
0x0000 1 0 0 1
0x0000 1 0 0 1
0x0000 1 0 0 1
0x0000 1 0 0 1
0x0000 1 0 0 1
0x0000 1 0 0 1
0x0000 1 0 0 1
0x0000 1 0 0 1
0x0000 1 0 0 1
0x0000 1 0 0 1
0x0000 1 0 0 1
0x0001 1 0 0 1
0x0003 1 0 0 1
0x0005 1 0 0 1
0x0009 1 0 0 1
0x000e 1 0 0 1
0x0016 1 0 0 1
0x0021 1 0 0 1
0x0030 1 0 0 1
0x0042 1 0 0 1
0x0056 1 0 0 1
0x006d 1 0 0 1
0x0085 1 0 0 1
0x009c 1 0 0 1
0x00af 1 0 0 1
0x00bd 1 0 0 1
0x00c4 1 0 0 1
0x00c3 1 0 0 1
0x00bb 1 0 0 1
0x00ac 1 0 0 1
0x0096 1 0 0 1
0x007f 1 0 0 1
0x0067 1 0 0 1
0x0050 1 1 1 1
0x0021 1 0 0 1
0x0030 1 0 0 1
0x0042 1 0 0 1
0x0057 1 0 0 1
0x006f 1 0 0 1
0x0087 1 0 0 1
0x009f 1 0 0 1
0x00b3 1 0 0 1
0x00c1 1 0 0 1
0x00c8 1 0 0 1
0x00c7 1 0 0 1
0x00bf 1 0 0 1
0x00b0 1 0 0 1
0x009c 1 0 0 1
0x0084 1 0 0 1
0x006c 1 0 0 1
0x0054 1 0 0 1
0x003f 1 0 0 1
0x002d 1 0 0 1
0x001e 1 0 0 1
0x0013 1 0 0 1
0x000c 1 0 0 1
0x0006 1 0 0 1
0x0003 1 0 0 1
0x0000 1 0 0 1
0xffff 1 0 0 1
0xfffe 1 0 0 1
0xfffe 1 0 0 1
0xfffe 1 0 0 1
0xfffe 1 0 0 1
0xfffe 1 0 0 1
0xfffe 1 0 0 1
0xfffe 1 0 0 1
0xfffe 1 0 0 1
0xfffe 1 0 0 1
0xfffe 1 0 0 1
0xfffe 1 0 0 1
0xfffe 1 0 0 1
0xffff 1 0 0 1
0xffff 1 0 0 1
0xffff 1 0 0 1
0xffff 1 0 0 1
0xffff 1 0 0 1
0xffff 1 0 0 1
0xffff 1 0 0 1
0xffff 1 0 0 1
0xffff 1 0 0 1
0xffff 1 0 0 1
0x0000 1 0 0 1
0x0000 1 0 0 1
0x0000 1 0 0 1
0x0000 1 0 0 1
0x0000 1 0 0 1
0x0000 1 0 0 1
0x0000 1 0 0 1
0x0000 1 0 0 1
0x0000 1 0 0 1
0x0000 1 0 0 1
0x0000 1 0 0 1
0x0000 1 0 0 1
0x0000 1 0 0 1
0x0000 1 0 0 1
0x0000 1 0 0 1
0x0000 1 1 1 1
0x0000 1 0 0 1
0x0000 1 0 0 1
0x0000 1 0 0 1
0x0000 1 0 0 1
0x0000 1 0 0 1
0x0000 1 0 0 1
0x0000 1 0 0 1
0x0000 1 0 0 1
0x0000 1 0 0 1
0x0000 1 0 0 1
0x0000 1 0 0 1
0x0000 1 0 0 1
0x0000 1 0 0 1
0x0000 1 0 0 1
0x0000 1 0 0 1
0x0000 1 0 0 1
0x0000 1 0 0 1
0x0000 1 0 0 1
0x0000 1 0 0 1
0x0000 1 0 0 1
0x0000 1 0 0 1
0x0000 1 0 0 1
0x0000 1 0 0 1
0x0000 1 0 0 1
0x0000 1 0 0 1
0x0000 1 0 0 1
0x0000 1 0 0 1
0x0000 1 0 0 1
0x0000 1 0 0 1
0x0000 1 0 0 1
0x0000 1 0 0 1
0x0000 1 0 0 1
0x0000 1 0 0 1
0x0000 1 0 0 1
0x0000 1 0 0 1
0x0001 1 0 0 1
0x0002 1 0 0 1
0x0004 1 0 0 1
0x0006 1 0 0 1
0x000b 1 0 0 1
0x0012 1 0 0 1
0x001b 1 0 0 1
0x0028 1 0 0 1
0x0038 1 0 0 1
0x004b 1 0 0 1
0x0062 1 0 0 1
0x007b 1 0 0 1
0x0093 1 0 0 1
0x00aa 1 0 0 1
0x00bc 1 0 0 1
0x00c8 1 0 0 1
0x00cc 1 0 0 1
0x00c9 1 0 0 1
0x00bd 1 0 0 1
0x00aa 1 0 0 1
0x0094 1 0 0 1
0x007b 1 0 0 1
0x0063 1 0 0 1
0x004c 1 0 0 1
0x0037 1 0 0 1
0x0027 1 0 0 1
0x001a 1 0 0 1
0x0010 1 0 0 1
0x0009 1 1 1 1
0x0000 1 0 0 1
0x0000 1 0 0 1
0x0000 1 0 0 1
0x0000 1 0 0 1
0x0000 1 0 0 1
0x0000 1 0 0 1
0x0000 1 0 0 1
0x0000 1 0 0 1
0x0000 1 0 0 1
0x0000 1 0 0 1
0x0000 1 0 0 1
0x0000 1 0 0 1
0x0000 1 0 0 1
0x0000 1 0 0 1
0x0000 1 0 0 1
0x0000 1 0 0 1
0x0000 1 0 0 1
0x0000 1 0 0 1
0x0000 1 0 0 1
0x0000 1 0 0 1
0x0000 1 0 0 1
0x0000 1 0 0 1
0x0000 1 0 0 1
0x0000 1 0 0 1
0x0000 1 0 0 1
0x0000 1 0 0 1
0x0000 1 0 0 1
0x0000 1 0 0 1
0x0000 1 0 0 1
0x0000 1 0 0 1
0x0000 1 0 0 1
0x0000 1 0 0 1
0x0000 1 0 0 1
0x0000 1 0 0 1
0x0000 1 0 0 1
0x0000 1 0 0 1
0x0000 1 0 0 1
0x0000 1 0 0 1
0x0000 1 0 0 1
0x0000 1 0 0 1
0x0000 1 0 0 1
0x0000 1 0 0 1
0x0000 1 0 0 1
0x0000 1 0 0 1
0x0001 1 0 0 1
0x0002 1 0 0 1
0x0003 1 0 0 1
0x0006 1 0 0 1
0x000a 1 0 0 1
0x0011 1 0 0 1
0x001a 1 0 0 1
0x0026 1 0 0 1
0x0036 1 0 0 1
0x0049 1 0 0 1
0x0060 1 0 0 1
0x0079 1 0 0 1
0x0092 1 0 0 1
0x00aa 1 0 0 1
0x00bd 1 0 0 1
0x00cb 1 0 0 1
0x00d0 1 0 0 1
0x00ce 1 0 0 1
0x00c3 1 0 0 1
0x00b1 1 1 1 1
0x0000 1 0 0 1
0x0000 1 0 0 1
0x0000 1 0 0 1
0x0000 1 0 0 1
0x0000 1 0 0 1
0x0000 1 0 0 1
0x0000 1 0 0 1
0x0000 1 0 0 1
0x0000 1 0 0 1
0x0000 1 0 0 1
0x0000 1 0 0 1
0x0000 1 0 0 1
0x0000 1 0 0 1
0x0000 1 0 0 1
0x0000 1 0 0 1
0x0000 1 0 0 1
0x0000 1 0 0 1
0x0000 1 0 0 1
0x0000 1 0 0 1
0x0000 1 0 0 1
0x0000 1 0 0 1
0x0000 1 0 0 1
0x0000 1 0 0 1
0x0000 1 0 0 1
0x0000 1 0 0 1
0x0000 1 0 0 1
0x0000 1 0 0 1
0x0000 1 0 0 1
0x0000 1 0 0 1
0x0000 1 0 0 1
0x0000 1 0 0 1
0x0000 1 0 0 1
0x0000 1 0 0 1
0x0000 1 0 0 1
0x0000 1 0 0 1
0x0000 1 0 0 1
0x0000 1 0 0 1
0x0001 1 0 0 1
0x0002 1 0 0 1
0x0004 1 0 0 1
0x0007 1 0 0 1
0x000c 1 0 0 1
0x0014 1 0 0 1
0x001e 1 0 0 1
0x002c 1 0 0 1
0x003d 1 0 0 1
0x0052 1 0 0 1
0x006a 1 0 0 1
0x0083 1 0 0 1
0x009d 1 0 0 1
0x00b4 1 0 0 1
0x00c6 1 0 0 1
0x00d1 1 0 0 1
0x00d4 1 0 0 1
0x00cf 1 0 0 1
0x00c2 1 0 0 1
0x00ae 1 0 0 1
0x0096 1 0 0 1
0x007c 1 0 0 1
0x0063 1 0 0 1
0x004b 1 0 0 1
0x0037 1 0 0 1
0x0026 1 0 0 1
0x0019 1 1 1 1
0x0000 1 0 0 1
0x0000 1 0 0 1
0x0000 1 0 0 1
0x0000 1 0 0 1
0x0000 1 0 0 1
0x0000 1 0 0 1
0x0000 1 0 0 1
0x0000 1 0 0 1
0x0000 1 0 0 1
0x0000 1 0 0 1
0x0000 1 0 0 1
0x0000 1 0 0 1
0x0000 1 0 0 1
0x0000 1 0 0 1
0x0000 1 0 0 1
0x0000 1 0 0 1
0x0000 1 0 0 1
0x0000 1 0 0 1
0x0000 1 0 0 1
0x0000 1 0 0 1
0x0000 1 0 0 1
0x0000 1 0 0 1
0x0000 1 0 0 1
0x0000 1 0 0 1
0x0000 1 0 0 1
0x0000 1 0 0 1
0x0000 1 0 0 1
0x0001 1 0 0 1
0x0002 1 0 0 1
0x0004 1 0 0 1
0x0008 1 0 0 1
0x000d 1 0 0 1
0x0014 1 0 0 1
0x001f 1 0 0 1
0x002d 1 0 0 1
0x003f 1 0 0 1
0x0054 1 0 0 1
0x006c 1 0 0 1
0x0087 1 0 0 1
0x00a0 1 0 0 1
0x00b8 1 0 0 1
0x00ca 1 0 0 1
0x00d5 1 0 0 1
0x00d8 1 0 0 1
0x00d3 1 0 0 1
0x00c5 1 0 0 1
0x00b0 1 0 0 1
0x0098 1 0 0 1
0x007e 1 0 0 1
0x0064 1 0 0 1
0x004c 1 0 0 1
0x0037 1 0 0 1
0x0026 1 0 0 1
0x0019 1 0 0 1
0x0010 1 0 0 1
0x0009 1 0 0 1
0x0003 1 0 0 1
0x0000 1 0 0 1
0xffff 1 0 0 1
0xfffe 1 0 0 1
0xfffd 1 0 0 1
0xfffd 1 0 0 1
0xfffd 1 0 0 1
0xfffd 1 1 1 1
0x006c 1 0 0 1
0x0087 1 0 0 1
0x00a2 1 0 0 1
0x00ba 1 0 0 1
0x00cd 1 0 0 1
0x00d9 1 0 0 1
0x00dd 1 0 0 1
0x00d9 1 0 0 1
0x00cc 1 0 0 1
0x00b7 1 0 0 1
0x009f 1 0 0 1
0x0084 1 0 0 1
0x006a 1 0 0 1
0x0051 1 0 0 1
0x003c 1 0 0 1
0x002a 1 0 0 1
0x001c 1 0 0 1
0x0012 1 0 0 1
0x000b 1 0 0 1
0x0005 1 0 0 1
0x0002 1 0 0 1
0x0000 1 0 0 1
0xffff 1 0 0 1
0xfffe 1 0 0 1
0xfffe 1 0 0 1
0xfffe 1 0 0 1
0xfffe 1 0 0 1
0xfffe 1 0 0 1
0xfffe 1 0 0 1
0xfffe 1 0 0 1
0xfffe 1 0 0 1
0xfffe 1 0 0 1
0xffff 1 0 0 1
0xffff 1 0 0 1
0xffff 1 0 0 1
0xffff 1 0 0 1
0xffff 1 0 0 1
0xffff 1 0 0 1
0xffff 1 0 0 1
0xffff 1 0 0 1
0xffff 1 0 0 1
0xffff 1 0 0 1
0x0000 1 0 0 1
0x0000 1 0 0 1
0x0000 1 0 0 1
0x0000 1 0 0 1
0x0000 1 0 0 1
0x0000 1 0 0 1
0x0000 1 0 0 1
0x0000 1 0 0 1
0x0000 1 0 0 1
0x0000 1 0 0 1
0x0000 1 0 0 1
0x0000 1 0 0 1
0x0000 1 0 0 1
0x0000 1 0 0 1
0x0000 1 0 0 1
0x0000 1 0 0 1
0x0000 1 0 0 1
0x0000 1 0 0 1
0x0000 1 0 0 1
0x0000 1 0 0 1
0x0000 1 0 0 1
0x0000 1 1 1 1
0x0000 1 0 0 1
0x0000 1 0 0 1
0x0000 1 0 0 1
0x0000 1 0 0 1
0x0000 1 0 0 1
0x0000 1 0 0 1
0x0000 1 0 0 1
0x0000 1 0 0 1
0x0000 1 0 0 1
0x0000 1 0 0 1
0x0000 1 0 0 1
0x0000 1 0 0 1
0x0000 1 0 0 1
0x0000 1 0 0 1
0x0000 1 0 0 1
0x0000 1 0 0 1
0x0001 1 0 0 1
0x0002 1 0 0 1
0x0004 1 0 0 1
0x0006 1 0 0 1
0x000b 1 0 0 1
0x0012 1 0 0 1
0x001c 1 0 0 1
0x0029 1 0 0 1
0x003b 1 0 0 1
0x004f 1 0 0 1
0x0068 1 0 0 1
0x0083 1 0 0 1
0x009e 1 0 0 1
0x00b7 1 0 0 1
0x00cc 1 0 0 1
0x00da 1 0 0 1
0x00e0 1 0 0 1
0x00dd 1 0 0 1
0x00d2 1 0 0 1
0x00be 1 0 0 1
0x00a6 1 0 0 1
0x008c 1 0 0 1
0x0070 1 0 0 1
0x0057 1 0 0 1
0x0040 1 0 0 1
0x002d 1 0 0 1
0x001e 1 0 0 1
0x0013 1 0 0 1
0x000b 1 0 0 1
0x0005 1 0 0 1
0x0001 1 0 0 1
0xffff 1 0 0 1
0xfffe 1 0 0 1
0xfffd 1 0 0 1
0xfffd 1 0 0 1
0xfffd 1 0 0 1
0xfffd 1 0 0 1
0xfffd 1 0 0 1
0xfffd 1 0 0 1
0xfffd 1 0 0 1
0xfffd 1 0 0 1
0xfffe 1 0 0 1
0xfffe 1 0 0 1
0xfffe 1 0 0 1
0xfffe 1 0 0 1
0xfffe 1 0 0 1
0xfffe 1 0 0 1
0xfffe 1 1 1 1
0x0000 1 0 0 1
0x0000 1 0 0 1
0x0000 1 0 0 1
0x0000 1 0 0 1
0x0000 1 0 0 1
0x0000 1 0 0 1
0x0000 1 0 0 1
0x0000 1 0 0 1
0x0000 1 0 0 1
0x0000 1 0 0 1
0x0000 1 0 0 1
0x0000 1 0 0 1
0x0000 1 0 0 1
0x0000 1 0 0 1
0x0000 1 0 0 1
0x0000 1 0 0 1
0x0000 1 0 0 1
0x0000 1 0 0 1
0x0001 1 0 0 1
0x0003 1 0 0 1
0x0005 1 0 0 1
0x0009 1 0 0 1
0x0010 1 0 0 1
0x0018 1 0 0 1
0x0025 1 0 0 1
0x0035 1 0 0 1
0x0049 1 0 0 1
0x0060 1 0 0 1
0x007b 1 0 0 1
0x0097 1 0 0 1
0x00b2 1 0 0 1
0x00c9 1 0 0 1
0x00da 1 0 0 1
0x00e3 1 0 0 1
0x00e4 1 0 0 1
0x00db 1 0 0 1
0x00ca 1 0 0 1
0x00b2 1 0 0 1
0x0098 1 0 0 1
0x007c 1 0 0 1
0x0061 1 0 0 1
0x0049 1 0 0 1
0x0034 1 0 0 1
0x0024 1 0 0 1
0x0017 1 0 0 1
0x000e 1 0 0 1
0x0008 1 0 0 1
0x0003 1 0 0 1
0x0000 1 0 0 1
0xfffe 1 0 0 1
0xfffe 1 0 0 1
0xfffd 1 0 0 1
0xfffd 1 0 0 1
0xfffd 1 0 0 1
0xfffd 1 0 0 1
0xfffd 1 0 0 1
0xfffd 1 0 0 1
0xfffd 1 0 0 1
0xfffe 1 0 0 1
0xfffe 1 0 0 1
0xfffe 1 0 0 1
0xfffe 1 0 0 1
0xfffe 1 0 0 1
0xfffe 1 1 1 1
0x0039 1 0 0 1
0x004f 1 0 0 1
0x0068 1 0 0 1
0x0083 1 0 0 1
0x00a0 1 0 0 1
0x00ba 1 0 0 1
0x00d1 1 0 0 1
0x00e1 1 0 0 1
0x00e9 1 0 0 1
0x00e7 1 0 0 1
0x00dc 1 0 0 1
0x00ca 1 0 0 1
0x00b2 1 0 0 1
0x0096 1 0 0 1
0x007a 1 0 0 1
0x005f 1 0 0 1
0x0047 1 0 0 1
0x0033 1 0 0 1
0x0023 1 0 0 1
0x0016 1 0 0 1
0x000d 1 0 0 1
0x0007 1 0 0 1
0x0003 1 0 0 1
0x0001 1 0 0 1
0xffff 1 0 0 1
0xfffe 1 0 0 1
0xfffe 1 0 0 1
0xfffe 1 0 0 1
0xfffe 1 0 0 1
0xfffe 1 0 0 1
0xfffe 1 0 0 1
0xfffe 1 0 0 1
0xfffe 1 0 0 1
0xfffe 1 0 0 1
0xfffe 1 0 0 1
0xfffe 1 0 0 1
0xfffe 1 0 0 1
0xffff 1 0 0 1
0xffff 1 0 0 1
0xffff 1 0 0 1
0xffff 1 0 0 1
0xffff 1 0 0 1
0xffff 1 0 0 1
0xffff 1 0 0 1
0xffff 1 0 0 1
0xffff 1 0 0 1
0xffff 1 0 0 1
0x0000 1 0 0 1
0x0000 1 0 0 1
0x0000 1 0 0 1
0x0000 1 0 0 1
0x0000 1 0 0 1
0x0000 1 0 0 1
0x0000 1 0 0 1
0x0000 1 0 0 1
0x0000 1 0 0 1
0x0000 1 0 0 1
0x0000 1 0 0 1
0x0000 1 0 0 1
0x0000 1 0 0 1
0x0000 1 0 0 1
0x0000 1 0 0 1
0x0000 1 0 0 1
0x0000 1 1 1 1
0x0000 1 0 0 1
0x0000 1 0 0 1
0x0000 1 0 0 1
0x0000 1 0 0 1
0x0000 1 0 0 1
0x0000 1 0 0 1
0x0000 1 0 0 1
0x0000 1 0 0 1
0x0000 1 0 0 1
0x0000 1 0 0 1
0x0000 1 0 0 1
0x0001 1 0 0 1
0x0002 1 0 0 1
0x0004 1 0 0 1
0x0007 1 0 0 1
0x000d 1 0 0 1
0x0014 1 0 0 1
0x001f 1 0 0 1
0x002e 1 0 0 1
0x0041 1 0 0 1
0x0056 1 0 0 1
0x0071 1 0 0 1
0x008d 1 0 0 1
0x00aa 1 0 0 1
0x00c4 1 0 0 1
0x00d9 1 0 0 1
0x00e7 1 0 0 1
0x00ec 1 0 0 1
0x00e8 1 0 0 1
0x00db 1 0 0 1
0x00c6 1 0 0 1
0x00ac 1 0 0 1
0x008f 1 0 0 1
0x0073 1 0 0 1
0x0058 1 0 0 1
0x0041 1 0 0 1
0x002e 1 0 0 1
0x001e 1 0 0 1
0x0013 1 0 0 1
0x000b 1 0 0 1
0x0005 1 0 0 1
0x0001 1 0 0 1
0xffff 1 0 0 1
0xfffe 1 0 0 1
0xfffd 1 0 0 1
0xfffd 1 0 0 1
0xfffd 1 0 0 1
0xfffd 1 0 0 1
0xfffd 1 0 0 1
0xfffd 1 0 0 1
0xfffd 1 0 0 1
0xfffd 1 0 0 1
0xfffe 1 0 0 1
0xfffe 1 0 0 1
0xfffe 1 0 0 1
0xfffe 1 0 0 1
0xfffe 1 0 0 1
0xfffe 1 0 0 1
0xfffe 1 0 0 1
0xfffe 1 0 0 1
0xfffe 1 0 0 1
0xfffe 1 0 0 1
0xffff 1 0 0 1
0xffff 1 1 1 1
0x0000 1 0 0 1
0x0000 1 0 0 1
0x0000 1 0 0 1
0x0000 1 0 0 1
0x0000 1 0 0 1
0x0000 1 0 0 1
0x0000 1 0 0 1
0x0000 1 0 0 1
0x0000 1 0 0 1
0x0000 1 0 0 1
0x0001 1 0 0 1
0x0003 1 0 0 1
0x0005 1 0 0 1
0x0009 1 0 0 1
0x000f 1 0 0 1
0x0018 1 0 0 1
0x0024 1 0 0 1
0x0034 1 0 0 1
0x0049 1 0 0 1
0x0060 1 0 0 1
0x007c 1 0 0 1
0x0099 1 0 0 1
0x00b6 1 0 0 1
0x00cf 1 0 0 1
0x00e2 1 0 0 1
0x00ee 1 0 0 1
0x00f0 1 0 0 1
0x00e9 1 0 0 1
0x00d9 1 0 0 1
0x00c1 1 0 0 1
0x00a5 1 0 0 1
0x0088 1 0 0 1
0x006c 1 0 0 1
0x0052 1 0 0 1
0x003b 1 0 0 1
0x0029 1 0 0 1
0x001b 1 0 0 1
0x0011 1 0 0 1
0x0009 1 0 0 1
0x0004 1 0 0 1
0x0001 1 0 0 1
0xffff 1 0 0 1
0xfffe 1 0 0 1
0xfffd 1 0 0 1
0xfffd 1 0 0 1
0xfffd 1 0 0 1
0xfffd 1 0 0 1
0xfffd 1 0 0 1
0xfffd 1 0 0 1
0xfffd 1 0 0 1
0xfffd 1 0 0 1
0xfffe 1 0 0 1
0xfffe 1 0 0 1
0xfffe 1 0 0 1
0xfffe 1 0 0 1
0xfffe 1 0 0 1
0xfffe 1 0 0 1
0xfffe 1 0 0 1
0xfffe 1 0 0 1
0xfffe 1 0 0 1
0xfffe 1 0 0 1
0xffff 1 0 0 1
0xffff 1 0 0 1
0xffff 1 1 1 1
0x0000 1 0 0 1
0x0000 1 0 0 1
0x0000 1 0 0 1
0x0000 1 0 0 1
0x0000 1 0 0 1
0x0000 1 0 0 1
0x0000 1 0 0 1
0x0000 1 0 0 1
0x0000 1 0 0 1
0x0000 1 0 0 1
0x0000 1 0 0 1
0x0000 1 0 0 1
0x0000 1 0 0 1
0x0000 1 0 0 1
0x0000 1 0 0 1
0x0000 1 0 0 1
0x0000 1 0 0 1
0x0000 1 0 0 1
0x0000 1 0 0 1
0x0000 1 0 0 1
0x0000 1 0 0 1
0x0000 1 0 0 1
0x0000 1 0 0 1
0x0000 1 0 0 1
0x0000 1 0 0 1
0x0000 1 0 0 1
0x0000 1 0 0 1
0x0000 1 0 0 1
0x0000 1 0 0 1
0x0000 1 0 0 1
0x0000 1 0 0 1
0x0000 1 0 0 1
0x0000 1 0 0 1
0x0000 1 0 0 1
0x0000 1 0 0 1
0x0000 1 0 0 1
0x0000 1 0 0 1
0x0000 1 0 0 1
0x0000 1 0 0 1
0x0001 1 0 0 1
0x0001 1 0 0 1
0x0003 1 0 0 1
0x0006 1 0 0 1
0x000a 1 0 0 1
0x0011 1 0 0 1
0x001a 1 0 0 1
0x0027 1 0 0 1
0x0039 1 0 0 1
0x004d 1 0 0 1
0x0067 1 0 0 1
0x0083 1 0 0 1
0x00a1 1 0 0 1
0x00be 1 0 0 1
0x00d7 1 0 0 1
0x00e9 1 0 0 1
0x00f3 1 0 0 1
0x00f3 1 0 0 1
0x00ea 1 0 0 1
0x00d8 1 0 0 1
0x00bf 1 0 0 1
0x00a3 1 0 0 1
0x0085 1 0 0 1
0x0068 1 0 0 1
0x004e 1 1 1 1
0x0056 1 0 0 1
0x0071 1 0 0 1
0x008e 1 0 0 1
0x00ad 1 0 0 1
0x00c9 1 0 0 1
0x00e1 1 0 0 1
0x00f1 1 0 0 1
0x00f9 1 0 0 1
0x00f7 1 0 0 1
0x00ea 1 0 0 1
0x00d6 1 0 0 1
0x00bc 1 0 0 1
0x009f 1 0 0 1
0x0081 1 0 0 1
0x0064 1 0 0 1
0x004b 1 0 0 1
0x0035 1 0 0 1
0x0024 1 0 0 1
0x0018 1 0 0 1
0x000e 1 0 0 1
0x0007 1 0 0 1
0x0003 1 0 0 1
0x0001 1 0 0 1
0xffff 1 0 0 1
0xfffe 1 0 0 1
0xfffe 1 0 0 1
0xfffe 1 0 0 1
0xfffe 1 0 0 1
0xfffe 1 0 0 1
0xfffe 1 0 0 1
0xfffe 1 0 0 1
0xfffe 1 0 0 1
0xfffe 1 0 0 1
0xfffe 1 0 0 1
0xfffe 1 0 0 1
0xffff 1 0 0 1
0xffff 1 0 0 1
0xffff 1 0 0 1
0xffff 1 0 0 1
0xffff 1 0 0 1
0xffff 1 0 0 1
0xffff 1 0 0 1
0xffff 1 0 0 1
0xffff 1 0 0 1
0xffff 1 0 0 1
0x0000 1 0 0 1
0x0000 1 0 0 1
0x0000 1 0 0 1
0x0000 1 0 0 1
0x0000 1 0 0 1
0x0000 1 0 0 1
0x0000 1 0 0 1
0x0000 1 0 0 1
0x0000 1 0 0 1
0x0000 1 0 0 1
0x0000 1 0 0 1
0x0000 1 0 0 1
0x0000 1 0 0 1
0x0000 1 0 0 1
0x0000 1 0 0 1
0x0000 1 0 0 1
0x0000 1 0 0 1
0x0000 1 0 0 1
0x0000 1 1 1 1
0x0000 1 0 0 1
0x0000 1 0 0 1
0x0000 1 0 0 1
0x0000 1 0 0 1
0x0000 1 0 0 1
0x0000 1 0 0 1
0x0000 1 0 0 1
0x0000 1 0 0 1
0x0000 1 0 0 1
0x0000 1 0 0 1
0x0000 1 0 0 1
0x0000 1 0 0 1
0x0000 1 0 0 1
0x0000 1 0 0 1
0x0000 1 0 0 1
0x0000 1 0 0 1
0x0000 1 0 0 1
0x0000 1 0 0 1
0x0000 1 0 0 1
0x0000 1 0 0 1
0x0000 1 0 0 1
0x0000 1 0 0 1
0x0000 1 0 0 1
0x0000 1 0 0 1
0x0000 1 0 0 1
0x0000 1 0 0 1
0x0000 1 0 0 1
0x0000 1 0 0 1
0x0000 1 0 0 1
0x0000 1 0 0 1
0x0000 1 0 0 1
0x0000 1 0 0 1
0x0000 1 0 0 1
0x0000 1 0 0 1
0x0000 1 0 0 1
0x0000 1 0 0 1
0x0000 1 0 0 1
0x0000 1 0 0 1
0x0000 1 0 0 1
0x0000 1 0 0 1
0x0000 1 0 0 1
0x0000 1 0 0 1
0x0000 1 0 0 1
0x0000 1 0 0 1
0x0000 1 0 0 1
0x0001 1 0 0 1
0x0002 1 0 0 1
0x0003 1 0 0 1
0x0006 1 0 0 1
0x000b 1 0 0 1
0x0012 1 0 0 1
0x001c 1 0 0 1
0x002a 1 0 0 1
0x003c 1 0 0 1
0x0052 1 0 0 1
0x006d 1 0 0 1
0x008b 1 0 0 1
0x00a9 1 0 0 1
0x00c7 1 0 0 1
0x00e0 1 0 0 1
0x00f2 1 0 0 1
0x00fb 1 0 0 1
0x00fb 1 0 0 1
0x00f1 1 1 1 1
0x0000 1 0 0 1
0x0000 1 0 0 1
0x0000 1 0 0 1
0x0000 1 0 0 1
0x0000 1 0 0 1
0x0000 1 0 0 1
0x0000 1 0 0 1
0x0000 1 0 0 1
0x0000 1 0 0 1
0x0000 1 0 0 1
0x0000 1 0 0 1
0x0000 1 0 0 1
0x0000 1 0 0 1
0x0000 1 0 0 1
0x0000 1 0 0 1
0x0000 1 0 0 1
0x0000 1 0 0 1
0x0000 1 0 0 1
0x0000 1 0 0 1
0x0000 1 0 0 1
0x0000 1 0 0 1
0x0000 1 0 0 1
0x0000 1 0 0 1
0x0000 1 0 0 1
0x0000 1 0 0 1
0x0000 1 0 0 1
0x0000 1 0 0 1
0x0000 1 0 0 1
0x0000 1 0 0 1
0x0000 1 0 0 1
0x0000 1 0 0 1
0x0000 1 0 0 1
0x0000 1 0 0 1
0x0000 1 0 0 1
0x0000 1 0 0 1
0x0000 1 0 0 1
0x0000 1 0 0 1
0x0000 1 0 0 1
0x0001 1 0 0 1
0x0002 1 0 0 1
0x0005 1 0 0 1
0x0008 1 0 0 1
0x000e 1 0 0 1
0x0017 1 0 0 1
0x0023 1 0 0 1
0x0033 1 0 0 1
0x0048 1 0 0 1
0x0060 1 0 0 1
0x007d 1 0 0 1
0x009c 1 0 0 1
0x00bb 1 0 0 1
0x00d7 1 0 0 1
0x00ed 1 0 0 1
0x00fc 1 0 0 1
0x0100 1 0 0 1
0x00fb 1 0 0 1
0x00ec 1 0 0 1
0x00d4 1 0 0 1
0x00b8 1 0 0 1
0x0099 1 0 0 1
0x007a 1 0 0 1
0x005e 1 0 0 1
0x0045 1 0 0 1
0x0030 1 1 1 1
0x0005 1 0 0 1
0x0009 1 0 0 1
0x000e 1 0 0 1
0x0017 1 0 0 1
0x0023 1 0 0 1
0x0034 1 0 0 1
0x0049 1 0 0 1
0x0062 1 0 0 1
0x0080 1 0 0 1
0x009e 1 0 0 1
0x00bd 1 0 0 1
0x00da 1 0 0 1
0x00f1 1 0 0 1
0x0100 1 0 0 1
0x0104 1 0 0 1
0x00ff 1 0 0 1
0x00f0 1 0 0 1
0x00d9 1 0 0 1
0x00bc 1 0 0 1
0x009c 1 0 0 1
0x007c 1 0 0 1
0x005f 1 0 0 1
0x0046 1 0 0 1
0x0031 1 0 0 1
0x0021 1 0 0 1
0x0015 1 0 0 1
0x000c 1 0 0 1
0x0006 1 0 0 1
0x0003 1 0 0 1
0x0000 1 0 0 1
0xffff 1 0 0 1
0xfffe 1 0 0 1
0xfffe 1 0 0 1
0xfffe 1 0 0 1
0xfffe 1 0 0 1
0xfffe 1 0 0 1
0xfffe 1 0 0 1
0xfffe 1 0 0 1
0xfffe 1 0 0 1
0xfffe 1 0 0 1
0xfffe 1 0 0 1
0xfffe 1 0 0 1
0xfffe 1 0 0 1
0xfffe 1 0 0 1
0xfffe 1 0 0 1
0xfffe 1 0 0 1
0xfffe 1 0 0 1
0xfffe 1 0 0 1
0xffff 1 0 0 1
0xffff 1 0 0 1
0xffff 1 0 0 1
0xffff 1 0 0 1
0xffff 1 0 0 1
0xffff 1 0 0 1
0xffff 1 0 0 1
0xffff 1 0 0 1
0xffff 1 0 0 1
0xffff 1 0 0 1
0x0000 1 0 0 1
0x0000 1 0 0 1
0x0000 1 0 0 1
0x0000 1 0 0 1
0x0000 1 0 0 1
0x0000 1 1 1 1
0x006e 1 0 0 1
0x008c 1 0 0 1
0x00ad 1 0 0 1
0x00cc 1 0 0 1
0x00e7 1 0 0 1
0x00fc 1 0 0 1
0x0107 1 0 0 1
0x0109 1 0 0 1
0x0100 1 0 0 1
0x00ec 1 0 0 1
0x00d3 1 0 0 1
0x00b4 1 0 0 1
0x0094 1 0 0 1
0x0075 1 0 0 1
0x0058 1 0 0 1
0x0040 1 0 0 1
0x002d 1 0 0 1
0x001e 1 0 0 1
0x0013 1 0 0 1
0x000a 1 0 0 1
0x0005 1 0 0 1
0x0002 1 0 0 1
0x0000 1 0 0 1
0xffff 1 0 0 1
0xfffe 1 0 0 1
0xfffe 1 0 0 1
0xfffe 1 0 0 1
0xfffe 1 0 0 1
0xfffe 1 0 0 1
0xfffe 1 0 0 1
0xfffe 1 0 0 1
0xfffe 1 0 0 1
0xfffe 1 0 0 1
0xfffe 1 0 0 1
0xffff 1 0 0 1
0xffff 1 0 0 1
0xffff 1 0 0 1
0xffff 1 0 0 1
0xffff 1 0 0 1
0xffff 1 0 0 1
0xffff 1 0 0 1
0xffff 1 0 0 1
0xffff 1 0 0 1
0xffff 1 0 0 1
0x0000 1 0 0 1
0x0000 1 0 0 1
0x0000 1 0 0 1
0x0000 1 0 0 1
0x0000 1 0 0 1
0x0000 1 0 0 1
0x0000 1 0 0 1
0x0000 1 0 0 1
0x0000 1 0 0 1
0x0000 1 0 0 1
0x0000 1 0 0 1
0x0000 1 0 0 1
0x0000 1 0 0 1
0x0000 1 0 0 1
0x0000 1 0 0 1
0x0000 1 0 0 1
0x0000 1 0 0 1
0x0000 1 0 0 1
0x0000 1 0 0 1
0x0000 1 1 1 1
0x0000 1 0 0 1
0x0000 1 0 0 1
0x0000 1 0 0 1
0x0000 1 0 0 1
0x0000 1 0 0 1
0x0000 1 0 0 1
0x0000 1 0 0 1
0x0000 1 0 0 1
0x0000 1 0 0 1
0x0000 1 0 0 1
0x0000 1 0 0 1
0x0000 1 0 0 1
0x0000 1 0 0 1
0x0000 1 0 0 1
0x0000 1 0 0 1
0x0000 1 0 0 1
0x0000 1 0 0 1
0x0000 1 0 0 1
0x0000 1 0 0 1
0x0001 1 0 0 1
0x0003 1 0 0 1
0x0005 1 0 0 1
0x0009 1 0 0 1
0x000f 1 0 0 1
0x0018 1 0 0 1
0x0024 1 0 0 1
0x0035 1 0 0 1
0x004b 1 0 0 1
0x0064 1 0 0 1
0x0083 1 0 0 1
0x00a3 1 0 0 1
0x00c3 1 0 0 1
0x00e1 1 0 0 1
0x00f8 1 0 0 1
0x0107 1 0 0 1
0x010c 1 0 0 1
0x0107 1 0 0 1
0x00f7 1 0 0 1
0x00de 1 0 0 1
0x00c1 1 0 0 1
0x00a1 1 0 0 1
0x0080 1 0 0 1
0x0062 1 0 0 1
0x0048 1 0 0 1
0x0033 1 0 0 1
0x0022 1 0 0 1
0x0015 1 0 0 1
0x000d 1 0 0 1
0x0006 1 0 0 1
0x0002 1 0 0 1
0xffff 1 0 0 1
0xfffe 1 0 0 1
0xfffd 1 0 0 1
0xfffd 1 0 0 1
0xfffd 1 0 0 1
0xfffd 1 0 0 1
0xfffd 1 0 0 1
0xfffd 1 0 0 1
0xfffd 1 0 0 1
0xfffd 1 0 0 1
0xfffe 1 0 0 1
0xfffe 1 0 0 1
0xfffe 1 0 0 1
0xfffe 1 1 1 1
0x0000 1 0 0 1
0x0000 1 0 0 1
0x0001 1 0 0 1
0x0001 1 0 0 1
0x0003 1 0 0 1
0x0006 1 0 0 1
0x000a 1 0 0 1
0x0011 1 0 0 1
0x001b 1 0 0 1
0x0029 1 0 0 1
0x003c 1 0 0 1
0x0052 1 0 0 1
0x006e 1 0 0 1
0x008e 1 0 0 1
0x00af 1 0 0 1
0x00cf 1 0 0 1
0x00eb 1 0 0 1
0x0101 1 0 0 1
0x010e 1 0 0 1
0x0110 1 0 0 1
0x0107 1 0 0 1
0x00f4 1 0 0 1
0x00da 1 0 0 1
0x00bb 1 0 0 1
0x009a 1 0 0 1
0x0079 1 0 0 1
0x005c 1 0 0 1
0x0043 1 0 0 1
0x002e 1 0 0 1
0x001e 1 0 0 1
0x0013 1 0 0 1
0x000a 1 0 0 1
0x0004 1 0 0 1
0x0001 1 0 0 1
0xffff 1 0 0 1
0xfffe 1 0 0 1
0xfffd 1 0 0 1
0xfffd 1 0 0 1
0xfffd 1 0 0 1
0xfffd 1 0 0 1
0xfffd 1 0 0 1
0xfffd 1 0 0 1
0xfffd 1 0 0 1
0xfffd 1 0 0 1
0xfffd 1 0 0 1
0xfffe 1 0 0 1
0xfffe 1 0 0 1
0xfffe 1 0 0 1
0xfffe 1 0 0 1
0xfffe 1 0 0 1
0xfffe 1 0 0 1
0xfffe 1 0 0 1
0xfffe 1 0 0 1
0xfffe 1 0 0 1
0xfffe 1 0 0 1
0xffff 1 0 0 1
0xffff 1 0 0 1
0xffff 1 0 0 1
0xffff 1 0 0 1
0xffff 1 0 0 1
0xffff 1 0 0 1
0xffff 1 0 0 1
0xffff 1 0 0 1
0xffff 1 1 1 1
0x0080 1 0 0 1
0x00a1 1 0 0 1
0x00c3 1 0 0 1
0x00e2 1 0 0 1
0x00fc 1 0 0 1
0x010d 1 0 0 1
0x0115 1 0 0 1
0x0112 1 0 0 1
0x0104 1 0 0 1
0x00ec 1 0 0 1
0x00cf 1 0 0 1
0x00ae 1 0 0 1
0x008d 1 0 0 1
0x006d 1 0 0 1
0x0051 1 0 0 1
0x003a 1 0 0 1
0x0027 1 0 0 1
0x001a 1 0 0 1
0x0010 1 0 0 1
0x0008 1 0 0 1
0x0004 1 0 0 1
0x0001 1 0 0 1
0xffff 1 0 0 1
0xfffe 1 0 0 1
0xfffe 1 0 0 1
0xfffe 1 0 0 1
0xfffe 1 0 0 1
0xfffe 1 0 0 1
0xfffe 1 0 0 1
0xfffe 1 0 0 1
0xfffe 1 0 0 1
0xfffe 1 0 0 1
0xfffe 1 0 0 1
0xffff 1 0 0 1
0xffff 1 0 0 1
0xffff 1 0 0 1
0xffff 1 0 0 1
0xffff 1 0 0 1
0xffff 1 0 0 1
0xffff 1 0 0 1
0xffff 1 0 0 1
0xffff 1 0 0 1
0xffff 1 0 0 1
0x0000 1 0 0 1
0x0000 1 0 0 1
0x0000 1 0 0 1
0x0000 1 0 0 1
0x0000 1 0 0 1
0x0000 1 0 0 1
0x0000 1 0 0 1
0x0000 1 0 0 1
0x0000 1 0 0 1
0x0000 1 0 0 1
0x0000 1 0 0 1
0x0000 1 0 0 1
0x0000 1 0 0 1
0x0000 1 0 0 1
0x0000 1 0 0 1
0x0000 1 0 0 1
0x0000 1 0 0 1
0x0000 1 0 0 1
0x0000 1 0 0 1
0x0000 1 0 0 1
0x0000 1 1 1 1
0x002d 1 0 0 1
0x0040 1 0 0 1
0x0059 1 0 0 1
0x0077 1 0 0 1
0x0097 1 0 0 1
0x00b9 1 0 0 1
0x00da 1 0 0 1
0x00f7 1 0 0 1
0x010c 1 0 0 1
0x0117 1 0 0 1
0x0117 1 0 0 1
0x010d 1 0 0 1
0x00f9 1 0 0 1
0x00dd 1 0 0 1
0x00bd 1 0 0 1
0x009b 1 0 0 1
0x007a 1 0 0 1
0x005c 1 0 0 1
0x0042 1 0 0 1
0x002d 1 0 0 1
0x001d 1 0 0 1
0x0012 1 0 0 1
0x000a 1 0 0 1
0x0005 1 0 0 1
0x0002 1 0 0 1
0x0000 1 0 0 1
0xffff 1 0 0 1
0xfffe 1 0 0 1
0xfffe 1 0 0 1
0xfffe 1 0 0 1
0xfffe 1 0 0 1
0xfffe 1 0 0 1
0xfffe 1 0 0 1
0xfffe 1 0 0 1
0xfffe 1 0 0 1
0xfffe 1 0 0 1
0xfffe 1 0 0 1
0xfffe 1 0 0 1
0xfffe 1 0 0 1
0xfffe 1 0 0 1
0xffff 1 0 0 1
0xffff 1 0 0 1
0xffff 1 0 0 1
0xffff 1 0 0 1
0xffff 1 0 0 1
0xffff 1 0 0 1
0xffff 1 0 0 1
0xffff 1 0 0 1
0xffff 1 0 0 1
0xffff 1 0 0 1
0x0000 1 0 0 1
0x0000 1 0 0 1
0x0000 1 0 0 1
0x0000 1 0 0 1
0x0000 1 0 0 1
0x0000 1 0 0 1
0x0000 1 0 0 1
0x0000 1 0 0 1
0x0000 1 0 0 1
0x0000 1 0 0 1
0x0000 1 0 0 1
0x0000 1 0 0 1
0x0000 1 0 0 1
0x0000 1 1 1 1
0x0000 1 0 0 1
0x0000 1 0 0 1
0x0000 1 0 0 1
0x0000 1 0 0 1
0x0000 1 0 0 1
0x0000 1 0 0 1
0x0000 1 0 0 1
0x0000 1 0 0 1
0x0000 1 0 0 1
0x0000 1 0 0 1
0x0000 1 0 0 1
0x0000 1 0 0 1
0x0000 1 0 0 1
0x0000 1 0 0 1
0x0000 1 0 0 1
0x0000 1 0 0 1
0x0000 1 0 0 1
0x0000 1 0 0 1
0x0000 1 0 0 1
0x0000 1 0 0 1
0x0000 1 0 0 1
0x0000 1 0 0 1
0x0000 1 0 0 1
0x0000 1 0 0 1
0x0000 1 0 0 1
0x0000 1 0 0 1
0x0000 1 0 0 1
0x0000 1 0 0 1
0x0000 1 0 0 1
0x0000 1 0 0 1
0x0000 1 0 0 1
0x0000 1 0 0 1
0x0000 1 0 0 1
0x0000 1 0 0 1
0x0000 1 0 0 1
0x0000 1 0 0 1
0x0000 1 0 0 1
0x0000 1 0 0 1
0x0000 1 0 0 1
0x0000 1 0 0 1
0x0000 1 0 0 1
0x0000 1 0 0 1
0x0000 1 0 0 1
0x0000 1 0 0 1
0x0000 1 0 0 1
0x0000 1 0 0 1
0x0000 1 0 0 1
0x0001 1 0 0 1
0x0002 1 0 0 1
0x0005 1 0 0 1
0x0008 1 0 0 1
0x000e 1 0 0 1
0x0017 1 0 0 1
0x0023 1 0 0 1
0x0034 1 0 0 1
0x004a 1 0 0 1
0x0063 1 0 0 1
0x0082 1 0 0 1
0x00a4 1 0 0 1
0x00c7 1 0 0 1
0x00e7 1 0 0 1
0x0102 1 0 0 1
0x0114 1 0 0 1
0x011c 1 1 1 1
0x0000 1 0 0 1
0x0000 1 0 0 1
0x0000 1 0 0 1
0x0000 1 0 0 1
0x0000 1 0 0 1
0x0000 1 0 0 1
0x0000 1 0 0 1
0x0000 1 0 0 1
0x0000 1 0 0 1
0x0000 1 0 0 1
0x0000 1 0 0 1
0x0000 1 0 0 1
0x0000 1 0 0 1
0x0000 1 0 0 1
0x0000 1 0 0 1
0x0000 1 0 0 1
0x0000 1 0 0 1
0x0000 1 0 0 1
0x0000 1 0 0 1
0x0000 1 0 0 1
0x0000 1 0 0 1
0x0000 1 0 0 1
0x0000 1 0 0 1
0x0001 1 0 0 1
0x0002 1 0 0 1
0x0004 1 0 0 1
0x0008 1 0 0 1
0x000d 1 0 0 1
0x0015 1 0 0 1
0x0021 1 0 0 1
0x0032 1 0 0 1
0x0047 1 0 0 1
0x0061 1 0 0 1
0x0080 1 0 0 1
0x00a2 1 0 0 1
0x00c5 1 0 0 1
0x00e6 1 0 0 1
0x0102 1 0 0 1
0x0116 1 0 0 1
0x0120 1 0 0 1
0x011e 1 0 0 1
0x0111 1 0 0 1
0x00fa 1 0 0 1
0x00dc 1 0 0 1
0x00ba 1 0 0 1
0x0097 1 0 0 1
0x0075 1 0 0 1
0x0058 1 0 0 1
0x003f 1 0 0 1
0x002b 1 0 0 1
0x001c 1 0 0 1
0x0011 1 0 0 1
0x0008 1 0 0 1
0x0004 1 0 0 1
0x0000 1 0 0 1
0xffff 1 0 0 1
0xfffe 1 0 0 1
0xfffd 1 0 0 1
0xfffd 1 0 0 1
0xfffd 1 0 0 1
0xfffd 1 0 0 1
0xfffd 1 0 0 1
0xfffd 1 0 0 1
0xfffd 1 1 1 1
0x0000 1 0 0 1
0x0000 1 0 0 1
0x0000 1 0 0 1
0x0000 1 0 0 1
0x0000 1 0 0 1
0x0000 1 0 0 1
0x0000 1 0 0 1
0x0000 1 0 0 1
0x0000 1 0 0 1
0x0000 1 0 0 1
0x0000 1 0 0 1
0x0000 1 0 0 1
0x0000 1 0 0 1
0x0000 1 0 0 1
0x0000 1 0 0 1
0x0000 1 0 0 1
0x0000 1 0 0 1
0x0000 1 0 0 1
0x0000 1 0 0 1
0x0000 1 0 0 1
0x0000 1 0 0 1
0x0000 1 0 0 1
0x0000 1 0 0 1
0x0000 1 0 0 1
0x0000 1 0 0 1
0x0000 1 0 0 1
0x0000 1 0 0 1
0x0000 1 0 0 1
0x0000 1 0 0 1
0x0000 1 0 0 1
0x0000 1 0 0 1
0x0000 1 0 0 1
0x0000 1 0 0 1
0x0000 1 0 0 1
0x0000 1 0 0 1
0x0000 1 0 0 1
0x0000 1 0 0 1
0x0000 1 0 0 1
0x0000 1 0 0 1
0x0000 1 0 0 1
0x0000 1 0 0 1
0x0000 1 0 0 1
0x0001 1 0 0 1
0x0003 1 0 0 1
0x0005 1 0 0 1
0x0009 1 0 0 1
0x0010 1 0 0 1
0x0019 1 0 0 1
0x0027 1 0 0 1
0x0039 1 0 0 1
0x0050 1 0 0 1
0x006c 1 0 0 1
0x008c 1 0 0 1
0x00af 1 0 0 1
0x00d3 1 0 0 1
0x00f3 1 0 0 1
0x010d 1 0 0 1
0x011e 1 0 0 1
0x0124 1 0 0 1
0x011f 1 0 0 1
0x010f 1 0 0 1
0x00f4 1 0 0 1
0x00d4 1 0 0 1
0x00b1 1 1 1 1
0x0000 1 0 0 1
0x0000 1 0 0 1
0x0000 1 0 0 1
0x0000 1 0 0 1
0x0000 1 0 0 1
0x0000 1 0 0 1
0x0000 1 0 0 1
0x0000 1 0 0 1
0x0000 1 0 0 1
0x0000 1 0 0 1
0x0000 1 0 0 1
0x0000 1 0 0 1
0x0000 1 0 0 1
0x0000 1 0 0 1
0x0000 1 0 0 1
0x0000 1 0 0 1
0x0000 1 0 0 1
0x0001 1 0 0 1
0x0003 1 0 0 1
0x0005 1 0 0 1
0x0009 1 0 0 1
0x0010 1 0 0 1
0x0019 1 0 0 1
0x0026 1 0 0 1
0x0039 1 0 0 1
0x0050 1 0 0 1
0x006c 1 0 0 1
0x008d 1 0 0 1
0x00b0 1 0 0 1
0x00d4 1 0 0 1
0x00f5 1 0 0 1
0x0110 1 0 0 1
0x0122 1 0 0 1
0x0128 1 0 0 1
0x0124 1 0 0 1
0x0113 1 0 0 1
0x00f9 1 0 0 1
0x00d9 1 0 0 1
0x00b5 1 0 0 1
0x0091 1 0 0 1
0x0070 1 0 0 1
0x0053 1 0 0 1
0x003a 1 0 0 1
0x0027 1 0 0 1
0x0019 1 0 0 1
0x000f 1 0 0 1
0x0007 1 0 0 1
0x0003 1 0 0 1
0x0000 1 0 0 1
0xfffe 1 0 0 1
0xfffd 1 0 0 1
0xfffd 1 0 0 1
0xfffd 1 0 0 1
0xfffd 1 0 0 1
0xfffd 1 0 0 1
0xfffd 1 0 0 1
0xfffd 1 0 0 1
0xfffd 1 0 0 1
0xfffd 1 0 0 1
0xfffe 1 0 0 1
0xfffe 1 0 0 1
0xfffe 1 0 0 1
0xfffe 1 0 0 1
0xfffe 1 1 1 1
0x0001 1 0 0 1
0x0002 1 0 0 1
0x0003 1 0 0 1
0x0006 1 0 0 1
0x000b 1 0 0 1
0x0012 1 0 0 1
0x001d 1 0 0 1
0x002c 1 0 0 1
0x0040 1 0 0 1
0x0059 1 0 0 1
0x0077 1 0 0 1
0x009a 1 0 0 1
0x00be 1 0 0 1
0x00e2 1 0 0 1
0x0101 1 0 0 1
0x011a 1 0 0 1
0x0129 1 0 0 1
0x012c 1 0 0 1
0x0124 1 0 0 1
0x010f 1 0 0 1
0x00f3 1 0 0 1
0x00d1 1 0 0 1
0x00ac 1 0 0 1
0x0089 1 0 0 1
0x0068 1 0 0 1
0x004b 1 0 0 1
0x0034 1 0 0 1
0x0023 1 0 0 1
0x0016 1 0 0 1
0x000c 1 0 0 1
0x0006 1 0 0 1
0x0002 1 0 0 1
0xffff 1 0 0 1
0xfffe 1 0 0 1
0xfffd 1 0 0 1
0xfffd 1 0 0 1
0xfffd 1 0 0 1
0xfffd 1 0 0 1
0xfffd 1 0 0 1
0xfffd 1 0 0 1
0xfffd 1 0 0 1
0xfffd 1 0 0 1
0xfffd 1 0 0 1
0xfffe 1 0 0 1
0xfffe 1 0 0 1
0xfffe 1 0 0 1
0xfffe 1 0 0 1
0xfffe 1 0 0 1
0xfffe 1 0 0 1
0xfffe 1 0 0 1
0xfffe 1 0 0 1
0xfffe 1 0 0 1
0xfffe 1 0 0 1
0xffff 1 0 0 1
0xffff 1 0 0 1
0xffff 1 0 0 1
0xffff 1 0 0 1
0xffff 1 0 0 1
0xffff 1 0 0 1
0xffff 1 0 0 1
0xffff 1 0 0 1
0xffff 1 0 0 1
0xffff 1 0 0 1
0x0000 1 1 1 1
