0x01f4 1 0 0 1
0x01f4 1 0 0 1
0x01f4 1 0 0 1
0x01f4 1 0 0 1
0x01f4 1 0 0 1
0x01f4 1 0 0 1
0x01f4 1 0 0 1
0x01f4 1 0 0 1
0x01f4 1 0 0 1
0x01f4 1 0 0 1
0x01f4 1 0 0 1
0x01f4 1 0 0 1
0x01f4 1 0 0 1
0x01f5 1 0 0 1
0x01f5 1 0 0 1
0x01f7 1 0 0 1
0x01f9 1 0 0 1
0x01fb 1 0 0 1
0x01ff 1 0 0 1
0x0203 1 0 0 1
0x0208 1 0 0 1
0x020e 1 0 0 1
0x0214 1 0 0 1
0x021a 1 0 0 1
0x021f 1 0 0 1
0x0223 1 0 0 1
0x0225 1 0 0 1
0x0225 1 0 0 1
0x0224 1 0 0 1
0x0220 1 0 0 1
0x021c 1 0 0 1
0x0216 1 0 0 1
0x0210 1 0 0 1
0x020a 1 0 0 1
0x0205 1 0 0 1
0x0200 1 0 0 1
0x01fc 1 0 0 1
0x01f9 1 0 0 1
0x01f7 1 0 0 1
0x01f6 1 0 0 1
0x01f5 1 0 0 1
0x01f4 1 0 0 1
0x01f4 1 0 0 1
0x01f4 1 0 0 1
0x01f4 1 0 0 1
0x01f4 1 0 0 1
0x01f4 1 0 0 1
0x01f4 1 0 0 1
0x01f4 1 0 0 1
0x01f4 1 0 0 1
0x01f4 1 0 0 1
0x01f4 1 0 0 1
0x01f4 1 0 0 1
0x01f4 1 0 0 1
0x01f4 1 0 0 1
0x01f4 1 0 0 1
0x01f4 1 0 0 1
0x01f4 1 0 0 1
0x01f4 1 0 0 1
0x01f4 1 0 0 1
0x01f4 1 0 0 1
0x01f4 1 0 0 1
0x01f4 1 0 0 1
0x01f4 1 1 1 1
0x01f4 1 0 0 1
0x01f5 1 0 0 1
0x01f6 1 0 0 1
0x01f8 1 0 0 1
0x01fa 1 0 0 1
0x01fd 1 0 0 1
0x0202 1 0 0 1
0x0207 1 0 0 1
0x020c 1 0 0 1
0x0213 1 0 0 1
0x0219 1 0 0 1
0x021f 1 0 0 1
0x0224 1 0 0 1
0x0228 1 0 0 1
0x0229 1 0 0 1
0x0229 1 0 0 1
0x0226 1 0 0 1
0x0222 1 0 0 1
0x021c 1 0 0 1
0x0216 1 0 0 1
0x020f 1 0 0 1
0x0209 1 0 0 1
0x0204 1 0 0 1
0x01ff 1 0 0 1
0x01fb 1 0 0 1
0x01f9 1 0 0 1
0x01f7 1 0 0 1
0x01f6 1 0 0 1
0x01f5 1 0 0 1
0x01f4 1 0 0 1
0x01f4 1 0 0 1
0x01f4 1 0 0 1
0x01f4 1 0 0 1
0x01f4 1 0 0 1
0x01f4 1 0 0 1
0x01f4 1 0 0 1
0x01f4 1 0 0 1
0x01f4 1 0 0 1
0x01f4 1 0 0 1
0x01f4 1 0 0 1
0x01f4 1 0 0 1
0x01f4 1 0 0 1
0x01f4 1 0 0 1
0x01f4 1 0 0 1
0x01f4 1 0 0 1
0x01f4 1 0 0 1
0x01f4 1 0 0 1
0x01f4 1 0 0 1
0x01f4 1 0 0 1
0x01f4 1 0 0 1
0x01f4 1 0 0 1
0x01f4 1 0 0 1
0x01f4 1 0 0 1
0x01f4 1 0 0 1
0x01f4 1 0 0 1
0x01f4 1 0 0 1
0x01f4 1 0 0 1
0x01f4 1 0 0 1
0x01f4 1 0 0 1
0x01f4 1 0 0 1
0x01f4 1 0 0 1
0x01f4 1 0 0 1
0x01f4 1 0 0 1
0x01f4 1 1 1 1
0x022d 1 0 0 1
0x022d 1 0 0 1
0x022b 1 0 0 1
0x0228 1 0 0 1
0x0222 1 0 0 1
0x021b 1 0 0 1
0x0214 1 0 0 1
0x020d 1 0 0 1
0x0207 1 0 0 1
0x0202 1 0 0 1
0x01fe 1 0 0 1
0x01fa 1 0 0 1
0x01f8 1 0 0 1
0x01f6 1 0 0 1
0x01f5 1 0 0 1
0x01f4 1 0 0 1
0x01f4 1 0 0 1
0x01f4 1 0 0 1
0x01f4 1 0 0 1
0x01f4 1 0 0 1
0x01f4 1 0 0 1
0x01f4 1 0 0 1
0x01f4 1 0 0 1
0x01f4 1 0 0 1
0x01f4 1 0 0 1
0x01f4 1 0 0 1
0x01f4 1 0 0 1
0x01f4 1 0 0 1
0x01f4 1 0 0 1
0x01f4 1 0 0 1
0x01f4 1 0 0 1
0x01f4 1 0 0 1
0x01f4 1 0 0 1
0x01f4 1 0 0 1
0x01f4 1 0 0 1
0x01f4 1 0 0 1
0x01f4 1 0 0 1
0x01f4 1 0 0 1
0x01f4 1 0 0 1
0x01f4 1 0 0 1
0x01f4 1 0 0 1
0x01f4 1 0 0 1
0x01f4 1 0 0 1
0x01f4 1 0 0 1
0x01f4 1 0 0 1
0x01f4 1 0 0 1
0x01f4 1 0 0 1
0x01f4 1 0 0 1
0x01f4 1 0 0 1
0x01f4 1 0 0 1
0x01f4 1 0 0 1
0x01f4 1 0 0 1
0x01f4 1 0 0 1
0x01f4 1 0 0 1
0x01f4 1 0 0 1
0x01f4 1 0 0 1
0x01f4 1 0 0 1
0x01f4 1 0 0 1
0x01f4 1 0 0 1
0x01f4 1 0 0 1
0x01f4 1 0 0 1
0x01f4 1 0 0 1
0x01f4 1 0 0 1
0x01f4 1 1 1 1
0x01f4 1 0 0 1
0x01f4 1 0 0 1
0x01f4 1 0 0 1
0x01f4 1 0 0 1
0x01f4 1 0 0 1
0x01f4 1 0 0 1
0x01f4 1 0 0 1
0x01f4 1 0 0 1
0x01f4 1 0 0 1
0x01f4 1 0 0 1
0x01f4 1 0 0 1
0x01f4 1 0 0 1
0x01f4 1 0 0 1
0x01f4 1 0 0 1
0x01f4 1 0 0 1
0x01f4 1 0 0 1
0x01f4 1 0 0 1
0x01f4 1 0 0 1
0x01f4 1 0 0 1
0x01f4 1 0 0 1
0x01f4 1 0 0 1
0x01f4 1 0 0 1
0x01f4 1 0 0 1
0x01f4 1 0 0 1
0x01f4 1 0 0 1
0x01f4 1 0 0 1
0x01f4 1 0 0 1
0x01f4 1 0 0 1
0x01f4 1 0 0 1
0x01f4 1 0 0 1
0x01f4 1 0 0 1
0x01f4 1 0 0 1
0x01f4 1 0 0 1
0x01f4 1 0 0 1
0x01f4 1 0 0 1
0x01f4 1 0 0 1
0x01f5 1 0 0 1
0x01f6 1 0 0 1
0x01f7 1 0 0 1
0x01fa 1 0 0 1
0x01fd 1 0 0 1
0x0201 1 0 0 1
0x0206 1 0 0 1
0x020c 1 0 0 1
0x0213 1 0 0 1
0x021b 1 0 0 1
0x0222 1 0 0 1
0x0229 1 0 0 1
0x022e 1 0 0 1
0x0231 1 0 0 1
0x0231 1 0 0 1
0x0230 1 0 0 1
0x022c 1 0 0 1
0x0226 1 0 0 1
0x021f 1 0 0 1
0x0217 1 0 0 1
0x0210 1 0 0 1
0x0209 1 0 0 1
0x0204 1 0 0 1
0x01ff 1 0 0 1
0x01fb 1 0 0 1
0x01f8 1 0 0 1
0x01f7 1 0 0 1
0x01f5 1 1 1 1
0x01f4 1 0 0 1
0x01f4 1 0 0 1
0x01f4 1 0 0 1
0x01f4 1 0 0 1
0x01f4 1 0 0 1
0x01f5 1 0 0 1
0x01f6 1 0 0 1
0x01f7 1 0 0 1
0x01fa 1 0 0 1
0x01fd 1 0 0 1
0x0201 1 0 0 1
0x0207 1 0 0 1
0x020d 1 0 0 1
0x0215 1 0 0 1
0x021d 1 0 0 1
0x0225 1 0 0 1
0x022c 1 0 0 1
0x0231 1 0 0 1
0x0235 1 0 0 1
0x0235 1 0 0 1
0x0234 1 0 0 1
0x0230 1 0 0 1
0x022a 1 0 0 1
0x0222 1 0 0 1
0x021a 1 0 0 1
0x0213 1 0 0 1
0x020b 1 0 0 1
0x0205 1 0 0 1
0x0200 1 0 0 1
0x01fc 1 0 0 1
0x01f9 1 0 0 1
0x01f7 1 0 0 1
0x01f6 1 0 0 1
0x01f5 1 0 0 1
0x01f4 1 0 0 1
0x01f4 1 0 0 1
0x01f4 1 0 0 1
0x01f4 1 0 0 1
0x01f4 1 0 0 1
0x01f4 1 0 0 1
0x01f4 1 0 0 1
0x01f4 1 0 0 1
0x01f4 1 0 0 1
0x01f4 1 0 0 1
0x01f4 1 0 0 1
0x01f4 1 0 0 1
0x01f4 1 0 0 1
0x01f4 1 0 0 1
0x01f4 1 0 0 1
0x01f4 1 0 0 1
0x01f4 1 0 0 1
0x01f4 1 0 0 1
0x01f4 1 0 0 1
0x01f4 1 0 0 1
0x01f4 1 0 0 1
0x01f4 1 0 0 1
0x01f4 1 0 0 1
0x01f4 1 0 0 1
0x01f4 1 0 0 1
0x01f4 1 0 0 1
0x01f4 1 0 0 1
0x01f4 1 0 0 1
0x01f4 1 0 0 1
0x01f4 1 1 1 1
0x022d 1 0 0 1
0x0233 1 0 0 1
0x0238 1 0 0 1
0x0239 1 0 0 1
0x0238 1 0 0 1
0x0235 1 0 0 1
0x022f 1 0 0 1
0x0227 1 0 0 1
0x021f 1 0 0 1
0x0217 1 0 0 1
0x020f 1 0 0 1
0x0208 1 0 0 1
0x0202 1 0 0 1
0x01fd 1 0 0 1
0x01fa 1 0 0 1
0x01f8 1 0 0 1
0x01f6 1 0 0 1
0x01f5 1 0 0 1
0x01f4 1 0 0 1
0x01f4 1 0 0 1
0x01f4 1 0 0 1
0x01f4 1 0 0 1
0x01f4 1 0 0 1
0x01f4 1 0 0 1
0x01f4 1 0 0 1
0x01f4 1 0 0 1
0x01f4 1 0 0 1
0x01f4 1 0 0 1
0x01f4 1 0 0 1
0x01f4 1 0 0 1
0x01f4 1 0 0 1
0x01f4 1 0 0 1
0x01f4 1 0 0 1
0x01f4 1 0 0 1
0x01f4 1 0 0 1
0x01f4 1 0 0 1
0x01f4 1 0 0 1
0x01f4 1 0 0 1
0x01f4 1 0 0 1
0x01f4 1 0 0 1
0x01f4 1 0 0 1
0x01f4 1 0 0 1
0x01f4 1 0 0 1
0x01f4 1 0 0 1
0x01f4 1 0 0 1
0x01f4 1 0 0 1
0x01f4 1 0 0 1
0x01f4 1 0 0 1
0x01f4 1 0 0 1
0x01f4 1 0 0 1
0x01f4 1 0 0 1
0x01f4 1 0 0 1
0x01f4 1 0 0 1
0x01f4 1 0 0 1
0x01f4 1 0 0 1
0x01f4 1 0 0 1
0x01f4 1 0 0 1
0x01f4 1 0 0 1
0x01f4 1 0 0 1
0x01f4 1 0 0 1
0x01f4 1 0 0 1
0x01f4 1 0 0 1
0x01f4 1 0 0 1
0x01f4 1 1 1 1
0x01f4 1 0 0 1
0x01f4 1 0 0 1
0x01f4 1 0 0 1
0x01f4 1 0 0 1
0x01f4 1 0 0 1
0x01f4 1 0 0 1
0x01f4 1 0 0 1
0x01f4 1 0 0 1
0x01f4 1 0 0 1
0x01f4 1 0 0 1
0x01f4 1 0 0 1
0x01f4 1 0 0 1
0x01f4 1 0 0 1
0x01f4 1 0 0 1
0x01f4 1 0 0 1
0x01f4 1 0 0 1
0x01f4 1 0 0 1
0x01f4 1 0 0 1
0x01f4 1 0 0 1
0x01f4 1 0 0 1
0x01f4 1 0 0 1
0x01f4 1 0 0 1
0x01f4 1 0 0 1
0x01f4 1 0 0 1
0x01f4 1 0 0 1
0x01f4 1 0 0 1
0x01f4 1 0 0 1
0x01f4 1 0 0 1
0x01f4 1 0 0 1
0x01f4 1 0 0 1
0x01f4 1 0 0 1
0x01f4 1 0 0 1
0x01f4 1 0 0 1
0x01f4 1 0 0 1
0x01f4 1 0 0 1
0x01f4 1 0 0 1
0x01f4 1 0 0 1
0x01f4 1 0 0 1
0x01f4 1 0 0 1
0x01f4 1 0 0 1
0x01f4 1 0 0 1
0x01f4 1 0 0 1
0x01f5 1 0 0 1
0x01f6 1 0 0 1
0x01f8 1 0 0 1
0x01fb 1 0 0 1
0x01ff 1 0 0 1
0x0204 1 0 0 1
0x020a 1 0 0 1
0x0212 1 0 0 1
0x021a 1 0 0 1
0x0223 1 0 0 1
0x022c 1 0 0 1
0x0234 1 0 0 1
0x0239 1 0 0 1
0x023d 1 0 0 1
0x023d 1 0 0 1
0x023b 1 0 0 1
0x0236 1 0 0 1
0x022f 1 0 0 1
0x0227 1 0 0 1
0x021e 1 0 0 1
0x0215 1 0 0 1
0x020d 1 1 1 1
0x01f4 1 0 0 1
0x01f4 1 0 0 1
0x01f4 1 0 0 1
0x01f4 1 0 0 1
0x01f4 1 0 0 1
0x01f4 1 0 0 1
0x01f4 1 0 0 1
0x01f4 1 0 0 1
0x01f4 1 0 0 1
0x01f4 1 0 0 1
0x01f4 1 0 0 1
0x01f4 1 0 0 1
0x01f4 1 0 0 1
0x01f4 1 0 0 1
0x01f4 1 0 0 1
0x01f4 1 0 0 1
0x01f4 1 0 0 1
0x01f4 1 0 0 1
0x01f4 1 0 0 1
0x01f4 1 0 0 1
0x01f4 1 0 0 1
0x01f4 1 0 0 1
0x01f4 1 0 0 1
0x01f4 1 0 0 1
0x01f4 1 0 0 1
0x01f4 1 0 0 1
0x01f4 1 0 0 1
0x01f4 1 0 0 1
0x01f4 1 0 0 1
0x01f4 1 0 0 1
0x01f4 1 0 0 1
0x01f4 1 0 0 1
0x01f4 1 0 0 1
0x01f4 1 0 0 1
0x01f4 1 0 0 1
0x01f4 1 0 0 1
0x01f4 1 0 0 1
0x01f4 1 0 0 1
0x01f4 1 0 0 1
0x01f4 1 0 0 1
0x01f4 1 0 0 1
0x01f5 1 0 0 1
0x01f6 1 0 0 1
0x01f7 1 0 0 1
0x01fa 1 0 0 1
0x01fd 1 0 0 1
0x0201 1 0 0 1
0x0207 1 0 0 1
0x020f 1 0 0 1
0x0217 1 0 0 1
0x0220 1 0 0 1
0x022a 1 0 0 1
0x0232 1 0 0 1
0x023a 1 0 0 1
0x023f 1 0 0 1
0x0241 1 0 0 1
0x0241 1 0 0 1
0x023d 1 0 0 1
0x0237 1 0 0 1
0x022f 1 0 0 1
0x0225 1 0 0 1
0x021c 1 0 0 1
0x0213 1 0 0 1
0x020b 1 1 1 1
0x01f4 1 0 0 1
0x01f4 1 0 0 1
0x01f5 1 0 0 1
0x01f6 1 0 0 1
0x01f8 1 0 0 1
0x01fb 1 0 0 1
0x01ff 1 0 0 1
0x0204 1 0 0 1
0x020b 1 0 0 1
0x0213 1 0 0 1
0x021c 1 0 0 1
0x0226 1 0 0 1
0x0230 1 0 0 1
0x0239 1 0 0 1
0x0240 1 0 0 1
0x0244 1 0 0 1
0x0245 1 0 0 1
0x0244 1 0 0 1
0x023f 1 0 0 1
0x0237 1 0 0 1
0x022e 1 0 0 1
0x0224 1 0 0 1
0x021b 1 0 0 1
0x0211 1 0 0 1
0x020a 1 0 0 1
0x0203 1 0 0 1
0x01fe 1 0 0 1
0x01fa 1 0 0 1
0x01f8 1 0 0 1
0x01f6 1 0 0 1
0x01f5 1 0 0 1
0x01f4 1 0 0 1
0x01f4 1 0 0 1
0x01f4 1 0 0 1
0x01f4 1 0 0 1
0x01f4 1 0 0 1
0x01f4 1 0 0 1
0x01f4 1 0 0 1
0x01f4 1 0 0 1
0x01f4 1 0 0 1
0x01f4 1 0 0 1
0x01f4 1 0 0 1
0x01f4 1 0 0 1
0x01f4 1 0 0 1
0x01f4 1 0 0 1
0x01f4 1 0 0 1
0x01f4 1 0 0 1
0x01f4 1 0 0 1
0x01f4 1 0 0 1
0x01f4 1 0 0 1
0x01f4 1 0 0 1
0x01f4 1 0 0 1
0x01f4 1 0 0 1
0x01f4 1 0 0 1
0x01f4 1 0 0 1
0x01f4 1 0 0 1
0x01f4 1 0 0 1
0x01f4 1 0 0 1
0x01f4 1 0 0 1
0x01f4 1 0 0 1
0x01f4 1 0 0 1
0x01f4 1 0 0 1
0x01f4 1 0 0 1
0x01f4 1 1 1 1
0x01f4 1 0 0 1
0x01f4 1 0 0 1
0x01f4 1 0 0 1
0x01f4 1 0 0 1
0x01f4 1 0 0 1
0x01f4 1 0 0 1
0x01f4 1 0 0 1
0x01f4 1 0 0 1
0x01f4 1 0 0 1
0x01f4 1 0 0 1
0x01f4 1 0 0 1
0x01f4 1 0 0 1
0x01f4 1 0 0 1
0x01f4 1 0 0 1
0x01f4 1 0 0 1
0x01f4 1 0 0 1
0x01f4 1 0 0 1
0x01f4 1 0 0 1
0x01f4 1 0 0 1
0x01f4 1 0 0 1
0x01f4 1 0 0 1
0x01f4 1 0 0 1
0x01f4 1 0 0 1
0x01f4 1 0 0 1
0x01f4 1 0 0 1
0x01f4 1 0 0 1
0x01f4 1 0 0 1
0x01f4 1 0 0 1
0x01f4 1 0 0 1
0x01f4 1 0 0 1
0x01f4 1 0 0 1
0x01f4 1 0 0 1
0x01f4 1 0 0 1
0x01f4 1 0 0 1
0x01f4 1 0 0 1
0x01f4 1 0 0 1
0x01f4 1 0 0 1
0x01f4 1 0 0 1
0x01f4 1 0 0 1
0x01f4 1 0 0 1
0x01f4 1 0 0 1
0x01f4 1 0 0 1
0x01f4 1 0 0 1
0x01f4 1 0 0 1
0x01f4 1 0 0 1
0x01f4 1 0 0 1
0x01f5 1 0 0 1
0x01f6 1 0 0 1
0x01f7 1 0 0 1
0x01fa 1 0 0 1
0x01fd 1 0 0 1
0x0202 1 0 0 1
0x0208 1 0 0 1
0x0210 1 0 0 1
0x0219 1 0 0 1
0x0223 1 0 0 1
0x022d 1 0 0 1
0x0237 1 0 0 1
0x0240 1 0 0 1
0x0246 1 0 0 1
0x0249 1 0 0 1
0x0249 1 0 0 1
0x0245 1 0 0 1
0x023f 1 1 1 1
0x01f4 1 0 0 1
0x01f4 1 0 0 1
0x01f5 1 0 0 1
0x01f6 1 0 0 1
0x01f8 1 0 0 1
0x01fb 1 0 0 1
0x01ff 1 0 0 1
0x0205 1 0 0 1
0x020c 1 0 0 1
0x0215 1 0 0 1
0x021f 1 0 0 1
0x0229 1 0 0 1
0x0234 1 0 0 1
0x023e 1 0 0 1
0x0246 1 0 0 1
0x024c 1 0 0 1
0x024d 1 0 0 1
0x024c 1 0 0 1
0x0247 1 0 0 1
0x023f 1 0 0 1
0x0235 1 0 0 1
0x022b 1 0 0 1
0x0220 1 0 0 1
0x0216 1 0 0 1
0x020d 1 0 0 1
0x0206 1 0 0 1
0x0200 1 0 0 1
0x01fc 1 0 0 1
0x01f9 1 0 0 1
0x01f7 1 0 0 1
0x01f5 1 0 0 1
0x01f5 1 0 0 1
0x01f4 1 0 0 1
0x01f4 1 0 0 1
0x01f4 1 0 0 1
0x01f4 1 0 0 1
0x01f4 1 0 0 1
0x01f4 1 0 0 1
0x01f4 1 0 0 1
0x01f4 1 0 0 1
0x01f4 1 0 0 1
0x01f4 1 0 0 1
0x01f4 1 0 0 1
0x01f4 1 0 0 1
0x01f4 1 0 0 1
0x01f4 1 0 0 1
0x01f4 1 0 0 1
0x01f4 1 0 0 1
0x01f4 1 0 0 1
0x01f4 1 0 0 1
0x01f4 1 0 0 1
0x01f4 1 0 0 1
0x01f4 1 0 0 1
0x01f4 1 0 0 1
0x01f4 1 0 0 1
0x01f4 1 0 0 1
0x01f4 1 0 0 1
0x01f4 1 0 0 1
0x01f4 1 0 0 1
0x01f4 1 0 0 1
0x01f4 1 0 0 1
0x01f4 1 0 0 1
0x01f4 1 0 0 1
0x01f4 1 1 1 1
0x01f4 1 0 0 1
0x01f4 1 0 0 1
0x01f4 1 0 0 1
0x01f4 1 0 0 1
0x01f4 1 0 0 1
0x01f4 1 0 0 1
0x01f4 1 0 0 1
0x01f4 1 0 0 1
0x01f4 1 0 0 1
0x01f4 1 0 0 1
0x01f4 1 0 0 1
0x01f4 1 0 0 1
0x01f4 1 0 0 1
0x01f4 1 0 0 1
0x01f4 1 0 0 1
0x01f4 1 0 0 1
0x01f4 1 0 0 1
0x01f4 1 0 0 1
0x01f4 1 0 0 1
0x01f4 1 0 0 1
0x01f4 1 0 0 1
0x01f4 1 0 0 1
0x01f4 1 0 0 1
0x01f4 1 0 0 1
0x01f4 1 0 0 1
0x01f4 1 0 0 1
0x01f4 1 0 0 1
0x01f4 1 0 0 1
0x01f4 1 0 0 1
0x01f4 1 0 0 1
0x01f4 1 0 0 1
0x01f4 1 0 0 1
0x01f4 1 0 0 1
0x01f4 1 0 0 1
0x01f4 1 0 0 1
0x01f4 1 0 0 1
0x01f4 1 0 0 1
0x01f4 1 0 0 1
0x01f4 1 0 0 1
0x01f4 1 0 0 1
0x01f4 1 0 0 1
0x01f4 1 0 0 1
0x01f4 1 0 0 1
0x01f4 1 0 0 1
0x01f4 1 0 0 1
0x01f4 1 0 0 1
0x01f4 1 0 0 1
0x01f4 1 0 0 1
0x01f4 1 0 0 1
0x01f5 1 0 0 1
0x01f6 1 0 0 1
0x01f8 1 0 0 1
0x01fb 1 0 0 1
0x01ff 1 0 0 1
0x0204 1 0 0 1
0x020b 1 0 0 1
0x0214 1 0 0 1
0x021e 1 0 0 1
0x0229 1 0 0 1
0x0234 1 0 0 1
0x023f 1 0 0 1
0x0248 1 0 0 1
0x024e 1 0 0 1
0x0251 1 1 1 1
0x01f4 1 0 0 1
0x01f4 1 0 0 1
0x01f4 1 0 0 1
0x01f4 1 0 0 1
0x01f4 1 0 0 1
0x01f5 1 0 0 1
0x01f6 1 0 0 1
0x01f8 1 0 0 1
0x01fb 1 0 0 1
0x01ff 1 0 0 1
0x0205 1 0 0 1
0x020d 1 0 0 1
0x0216 1 0 0 1
0x0220 1 0 0 1
0x022c 1 0 0 1
0x0238 1 0 0 1
0x0243 1 0 0 1
0x024c 1 0 0 1
0x0252 1 0 0 1
0x0255 1 0 0 1
0x0254 1 0 0 1
0x0250 1 0 0 1
0x0248 1 0 0 1
0x023e 1 0 0 1
0x0232 1 0 0 1
0x0226 1 0 0 1
0x021b 1 0 0 1
0x0211 1 0 0 1
0x0209 1 0 0 1
0x0202 1 0 0 1
0x01fd 1 0 0 1
0x01fa 1 0 0 1
0x01f7 1 0 0 1
0x01f6 1 0 0 1
0x01f5 1 0 0 1
0x01f4 1 0 0 1
0x01f4 1 0 0 1
0x01f4 1 0 0 1
0x01f4 1 0 0 1
0x01f4 1 0 0 1
0x01f4 1 0 0 1
0x01f4 1 0 0 1
0x01f4 1 0 0 1
0x01f4 1 0 0 1
0x01f4 1 0 0 1
0x01f4 1 0 0 1
0x01f4 1 0 0 1
0x01f4 1 0 0 1
0x01f4 1 0 0 1
0x01f4 1 0 0 1
0x01f4 1 0 0 1
0x01f4 1 0 0 1
0x01f4 1 0 0 1
0x01f4 1 0 0 1
0x01f4 1 0 0 1
0x01f4 1 0 0 1
0x01f4 1 0 0 1
0x01f4 1 0 0 1
0x01f4 1 0 0 1
0x01f4 1 0 0 1
0x01f4 1 0 0 1
0x01f4 1 0 0 1
0x01f4 1 0 0 1
0x01f4 1 1 1 1
0x01f4 1 0 0 1
0x01f4 1 0 0 1
0x01f4 1 0 0 1
0x01f4 1 0 0 1
0x01f4 1 0 0 1
0x01f4 1 0 0 1
0x01f4 1 0 0 1
0x01f4 1 0 0 1
0x01f4 1 0 0 1
0x01f4 1 0 0 1
0x01f4 1 0 0 1
0x01f4 1 0 0 1
0x01f4 1 0 0 1
0x01f4 1 0 0 1
0x01f4 1 0 0 1
0x01f4 1 0 0 1
0x01f4 1 0 0 1
0x01f4 1 0 0 1
0x01f4 1 0 0 1
0x01f4 1 0 0 1
0x01f4 1 0 0 1
0x01f4 1 0 0 1
0x01f4 1 0 0 1
0x01f4 1 0 0 1
0x01f4 1 0 0 1
0x01f4 1 0 0 1
0x01f4 1 0 0 1
0x01f4 1 0 0 1
0x01f4 1 0 0 1
0x01f4 1 0 0 1
0x01f4 1 0 0 1
0x01f4 1 0 0 1
0x01f4 1 0 0 1
0x01f4 1 0 0 1
0x01f4 1 0 0 1
0x01f4 1 0 0 1
0x01f4 1 0 0 1
0x01f4 1 0 0 1
0x01f4 1 0 0 1
0x01f5 1 0 0 1
0x01f5 1 0 0 1
0x01f7 1 0 0 1
0x01f9 1 0 0 1
0x01fc 1 0 0 1
0x0200 1 0 0 1
0x0206 1 0 0 1
0x020e 1 0 0 1
0x0218 1 0 0 1
0x0223 1 0 0 1
0x022f 1 0 0 1
0x023b 1 0 0 1
0x0247 1 0 0 1
0x0250 1 0 0 1
0x0257 1 0 0 1
0x0259 1 0 0 1
0x0258 1 0 0 1
0x0253 1 0 0 1
0x024b 1 0 0 1
0x0240 1 0 0 1
0x0234 1 0 0 1
0x0227 1 0 0 1
0x021c 1 0 0 1
0x0212 1 0 0 1
0x0209 1 1 1 1
0x022c 1 0 0 1
0x0239 1 0 0 1
0x0245 1 0 0 1
0x0250 1 0 0 1
0x0258 1 0 0 1
0x025d 1 0 0 1
0x025d 1 0 0 1
0x0259 1 0 0 1
0x0252 1 0 0 1
0x0248 1 0 0 1
0x023b 1 0 0 1
0x022f 1 0 0 1
0x0222 1 0 0 1
0x0217 1 0 0 1
0x020d 1 0 0 1
0x0206 1 0 0 1
0x0200 1 0 0 1
0x01fb 1 0 0 1
0x01f8 1 0 0 1
0x01f6 1 0 0 1
0x01f5 1 0 0 1
0x01f4 1 0 0 1
0x01f4 1 0 0 1
0x01f4 1 0 0 1
0x01f4 1 0 0 1
0x01f4 1 0 0 1
0x01f4 1 0 0 1
0x01f4 1 0 0 1
0x01f4 1 0 0 1
0x01f4 1 0 0 1
0x01f4 1 0 0 1
0x01f4 1 0 0 1
0x01f4 1 0 0 1
0x01f4 1 0 0 1
0x01f4 1 0 0 1
0x01f4 1 0 0 1
0x01f4 1 0 0 1
0x01f4 1 0 0 1
0x01f4 1 0 0 1
0x01f4 1 0 0 1
0x01f4 1 0 0 1
0x01f4 1 0 0 1
0x01f4 1 0 0 1
0x01f4 1 0 0 1
0x01f4 1 0 0 1
0x01f4 1 0 0 1
0x01f4 1 0 0 1
0x01f4 1 0 0 1
0x01f4 1 0 0 1
0x01f4 1 0 0 1
0x01f4 1 0 0 1
0x01f4 1 0 0 1
0x01f4 1 0 0 1
0x01f4 1 0 0 1
0x01f4 1 0 0 1
0x01f4 1 0 0 1
0x01f4 1 0 0 1
0x01f4 1 0 0 1
0x01f4 1 0 0 1
0x01f4 1 0 0 1
0x01f4 1 0 0 1
0x01f4 1 0 0 1
0x01f4 1 0 0 1
0x01f4 1 1 1 1
0x01f4 1 0 0 1
0x01f4 1 0 0 1
0x01f4 1 0 0 1
0x01f4 1 0 0 1
0x01f4 1 0 0 1
0x01f4 1 0 0 1
0x01f4 1 0 0 1
0x01f4 1 0 0 1
0x01f4 1 0 0 1
0x01f4 1 0 0 1
0x01f4 1 0 0 1
0x01f4 1 0 0 1
0x01f4 1 0 0 1
0x01f4 1 0 0 1
0x01f4 1 0 0 1
0x01f4 1 0 0 1
0x01f4 1 0 0 1
0x01f4 1 0 0 1
0x01f4 1 0 0 1
0x01f4 1 0 0 1
0x01f4 1 0 0 1
0x01f4 1 0 0 1
0x01f4 1 0 0 1
0x01f4 1 0 0 1
0x01f4 1 0 0 1
0x01f4 1 0 0 1
0x01f4 1 0 0 1
0x01f4 1 0 0 1
0x01f4 1 0 0 1
0x01f4 1 0 0 1
0x01f4 1 0 0 1
0x01f4 1 0 0 1
0x01f4 1 0 0 1
0x01f4 1 0 0 1
0x01f4 1 0 0 1
0x01f4 1 0 0 1
0x01f4 1 0 0 1
0x01f4 1 0 0 1
0x01f5 1 0 0 1
0x01f6 1 0 0 1
0x01f8 1 0 0 1
0x01fa 1 0 0 1
0x01fe 1 0 0 1
0x0204 1 0 0 1
0x020b 1 0 0 1
0x0214 1 0 0 1
0x0220 1 0 0 1
0x022c 1 0 0 1
0x0239 1 0 0 1
0x0246 1 0 0 1
0x0252 1 0 0 1
0x025b 1 0 0 1
0x0260 1 0 0 1
0x0261 1 0 0 1
0x025e 1 0 0 1
0x0257 1 0 0 1
0x024d 1 0 0 1
0x0240 1 0 0 1
0x0233 1 0 0 1
0x0226 1 0 0 1
0x021a 1 0 0 1
0x0210 1 0 0 1
0x0207 1 0 0 1
0x0201 1 1 1 1
0x01f6 1 0 0 1
0x01f7 1 0 0 1
0x01fa 1 0 0 1
0x01fe 1 0 0 1
0x0203 1 0 0 1
0x020a 1 0 0 1
0x0213 1 0 0 1
0x021e 1 0 0 1
0x022b 1 0 0 1
0x0239 1 0 0 1
0x0246 1 0 0 1
0x0253 1 0 0 1
0x025d 1 0 0 1
0x0263 1 0 0 1
0x0265 1 0 0 1
0x0263 1 0 0 1
0x025d 1 0 0 1
0x0253 1 0 0 1
0x0246 1 0 0 1
0x0239 1 0 0 1
0x022b 1 0 0 1
0x021e 1 0 0 1
0x0213 1 0 0 1
0x020a 1 0 0 1
0x0203 1 0 0 1
0x01fe 1 0 0 1
0x01fa 1 0 0 1
0x01f7 1 0 0 1
0x01f6 1 0 0 1
0x01f5 1 0 0 1
0x01f4 1 0 0 1
0x01f4 1 0 0 1
0x01f4 1 0 0 1
0x01f4 1 0 0 1
0x01f4 1 0 0 1
0x01f4 1 0 0 1
0x01f4 1 0 0 1
0x01f4 1 0 0 1
0x01f4 1 0 0 1
0x01f4 1 0 0 1
0x01f4 1 0 0 1
0x01f4 1 0 0 1
0x01f4 1 0 0 1
0x01f4 1 0 0 1
0x01f4 1 0 0 1
0x01f4 1 0 0 1
0x01f4 1 0 0 1
0x01f4 1 0 0 1
0x01f4 1 0 0 1
0x01f4 1 0 0 1
0x01f4 1 0 0 1
0x01f4 1 0 0 1
0x01f4 1 0 0 1
0x01f4 1 0 0 1
0x01f4 1 0 0 1
0x01f4 1 0 0 1
0x01f4 1 0 0 1
0x01f4 1 0 0 1
0x01f4 1 0 0 1
0x01f4 1 0 0 1
0x01f4 1 0 0 1
0x01f4 1 0 0 1
0x01f4 1 0 0 1
0x01f4 1 1 1 1
0x01f4 1 0 0 1
0x01f4 1 0 0 1
0x01f4 1 0 0 1
0x01f4 1 0 0 1
0x01f5 1 0 0 1
0x01f6 1 0 0 1
0x01f8 1 0 0 1
0x01fa 1 0 0 1
0x01fe 1 0 0 1
0x0204 1 0 0 1
0x020b 1 0 0 1
0x0215 1 0 0 1
0x0220 1 0 0 1
0x022d 1 0 0 1
0x023c 1 0 0 1
0x024a 1 0 0 1
0x0257 1 0 0 1
0x0261 1 0 0 1
0x0267 1 0 0 1
0x0269 1 0 0 1
0x0267 1 0 0 1
0x0260 1 0 0 1
0x0256 1 0 0 1
0x0249 1 0 0 1
0x023a 1 0 0 1
0x022c 1 0 0 1
0x021f 1 0 0 1
0x0214 1 0 0 1
0x020b 1 0 0 1
0x0203 1 0 0 1
0x01fe 1 0 0 1
0x01fa 1 0 0 1
0x01f7 1 0 0 1
0x01f6 1 0 0 1
0x01f5 1 0 0 1
0x01f4 1 0 0 1
0x01f4 1 0 0 1
0x01f4 1 0 0 1
0x01f4 1 0 0 1
0x01f4 1 0 0 1
0x01f4 1 0 0 1
0x01f4 1 0 0 1
0x01f4 1 0 0 1
0x01f4 1 0 0 1
0x01f4 1 0 0 1
0x01f4 1 0 0 1
0x01f4 1 0 0 1
0x01f4 1 0 0 1
0x01f4 1 0 0 1
0x01f4 1 0 0 1
0x01f4 1 0 0 1
0x01f4 1 0 0 1
0x01f4 1 0 0 1
0x01f4 1 0 0 1
0x01f4 1 0 0 1
0x01f4 1 0 0 1
0x01f4 1 0 0 1
0x01f4 1 0 0 1
0x01f4 1 0 0 1
0x01f4 1 0 0 1
0x01f4 1 0 0 1
0x01f4 1 0 0 1
0x01f4 1 0 0 1
0x01f4 1 1 1 1
0x01f4 1 0 0 1
0x01f4 1 0 0 1
0x01f4 1 0 0 1
0x01f4 1 0 0 1
0x01f4 1 0 0 1
0x01f4 1 0 0 1
0x01f4 1 0 0 1
0x01f4 1 0 0 1
0x01f4 1 0 0 1
0x01f4 1 0 0 1
0x01f4 1 0 0 1
0x01f4 1 0 0 1
0x01f4 1 0 0 1
0x01f4 1 0 0 1
0x01f4 1 0 0 1
0x01f4 1 0 0 1
0x01f4 1 0 0 1
0x01f4 1 0 0 1
0x01f4 1 0 0 1
0x01f4 1 0 0 1
0x01f4 1 0 0 1
0x01f4 1 0 0 1
0x01f4 1 0 0 1
0x01f4 1 0 0 1
0x01f4 1 0 0 1
0x01f4 1 0 0 1
0x01f5 1 0 0 1
0x01f6 1 0 0 1
0x01f7 1 0 0 1
0x01fa 1 0 0 1
0x01fe 1 0 0 1
0x0203 1 0 0 1
0x020b 1 0 0 1
0x0214 1 0 0 1
0x0220 1 0 0 1
0x022d 1 0 0 1
0x023c 1 0 0 1
0x024a 1 0 0 1
0x0258 1 0 0 1
0x0263 1 0 0 1
0x026a 1 0 0 1
0x026d 1 0 0 1
0x026c 1 0 0 1
0x0265 1 0 0 1
0x025b 1 0 0 1
0x024e 1 0 0 1
0x023f 1 0 0 1
0x0231 1 0 0 1
0x0223 1 0 0 1
0x0217 1 0 0 1
0x020d 1 0 0 1
0x0205 1 0 0 1
0x01ff 1 0 0 1
0x01fb 1 0 0 1
0x01f8 1 0 0 1
0x01f6 1 0 0 1
0x01f5 1 0 0 1
0x01f4 1 0 0 1
0x01f4 1 0 0 1
0x01f4 1 0 0 1
0x01f4 1 0 0 1
0x01f4 1 0 0 1
0x01f4 1 0 0 1
0x01f4 1 1 1 1
0x01f4 1 0 0 1
0x01f4 1 0 0 1
0x01f4 1 0 0 1
0x01f4 1 0 0 1
0x01f4 1 0 0 1
0x01f4 1 0 0 1
0x01f4 1 0 0 1
0x01f4 1 0 0 1
0x01f4 1 0 0 1
0x01f4 1 0 0 1
0x01f4 1 0 0 1
0x01f4 1 0 0 1
0x01f4 1 0 0 1
0x01f4 1 0 0 1
0x01f4 1 0 0 1
0x01f4 1 0 0 1
0x01f4 1 0 0 1
0x01f4 1 0 0 1
0x01f4 1 0 0 1
0x01f4 1 0 0 1
0x01f4 1 0 0 1
0x01f4 1 0 0 1
0x01f4 1 0 0 1
0x01f4 1 0 0 1
0x01f4 1 0 0 1
0x01f4 1 0 0 1
0x01f4 1 0 0 1
0x01f4 1 0 0 1
0x01f4 1 0 0 1
0x01f4 1 0 0 1
0x01f4 1 0 0 1
0x01f4 1 0 0 1
0x01f4 1 0 0 1
0x01f4 1 0 0 1
0x01f4 1 0 0 1
0x01f4 1 0 0 1
0x01f4 1 0 0 1
0x01f4 1 0 0 1
0x01f4 1 0 0 1
0x01f4 1 0 0 1
0x01f4 1 0 0 1
0x01f4 1 0 0 1
0x01f4 1 0 0 1
0x01f4 1 0 0 1
0x01f5 1 0 0 1
0x01f6 1 0 0 1
0x01f8 1 0 0 1
0x01fb 1 0 0 1
0x0200 1 0 0 1
0x0206 1 0 0 1
0x020e 1 0 0 1
0x0219 1 0 0 1
0x0225 1 0 0 1
0x0233 1 0 0 1
0x0243 1 0 0 1
0x0252 1 0 0 1
0x025f 1 0 0 1
0x0269 1 0 0 1
0x0270 1 0 0 1
0x0271 1 0 0 1
0x026e 1 0 0 1
0x0266 1 0 0 1
0x025a 1 0 0 1
0x024c 1 1 1 1
0x01f4 1 0 0 1
0x01f4 1 0 0 1
0x01f4 1 0 0 1
0x01f4 1 0 0 1
0x01f4 1 0 0 1
0x01f4 1 0 0 1
0x01f4 1 0 0 1
0x01f4 1 0 0 1
0x01f5 1 0 0 1
0x01f6 1 0 0 1
0x01f9 1 0 0 1
0x01fc 1 0 0 1
0x0200 1 0 0 1
0x0207 1 0 0 1
0x0210 1 0 0 1
0x021b 1 0 0 1
0x0228 1 0 0 1
0x0237 1 0 0 1
0x0246 1 0 0 1
0x0256 1 0 0 1
0x0263 1 0 0 1
0x026e 1 0 0 1
0x0274 1 0 0 1
0x0275 1 0 0 1
0x0271 1 0 0 1
0x0269 1 0 0 1
0x025d 1 0 0 1
0x024e 1 0 0 1
0x023e 1 0 0 1
0x022f 1 0 0 1
0x0221 1 0 0 1
0x0215 1 0 0 1
0x020b 1 0 0 1
0x0203 1 0 0 1
0x01fe 1 0 0 1
0x01fa 1 0 0 1
0x01f7 1 0 0 1
0x01f6 1 0 0 1
0x01f5 1 0 0 1
0x01f4 1 0 0 1
0x01f4 1 0 0 1
0x01f4 1 0 0 1
0x01f4 1 0 0 1
0x01f4 1 0 0 1
0x01f4 1 0 0 1
0x01f4 1 0 0 1
0x01f4 1 0 0 1
0x01f4 1 0 0 1
0x01f4 1 0 0 1
0x01f4 1 0 0 1
0x01f4 1 0 0 1
0x01f4 1 0 0 1
0x01f4 1 0 0 1
0x01f4 1 0 0 1
0x01f4 1 0 0 1
0x01f4 1 0 0 1
0x01f4 1 0 0 1
0x01f4 1 0 0 1
0x01f4 1 0 0 1
0x01f4 1 0 0 1
0x01f4 1 0 0 1
0x01f4 1 0 0 1
0x01f4 1 0 0 1
0x01f4 1 1 1 1
0x01f4 1 0 0 1
0x01f4 1 0 0 1
0x01f4 1 0 0 1
0x01f4 1 0 0 1
0x01f4 1 0 0 1
0x01f4 1 0 0 1
0x01f4 1 0 0 1
0x01f4 1 0 0 1
0x01f4 1 0 0 1
0x01f4 1 0 0 1
0x01f4 1 0 0 1
0x01f4 1 0 0 1
0x01f4 1 0 0 1
0x01f4 1 0 0 1
0x01f4 1 0 0 1
0x01f4 1 0 0 1
0x01f4 1 0 0 1
0x01f4 1 0 0 1
0x01f4 1 0 0 1
0x01f4 1 0 0 1
0x01f4 1 0 0 1
0x01f4 1 0 0 1
0x01f4 1 0 0 1
0x01f4 1 0 0 1
0x01f4 1 0 0 1
0x01f5 1 0 0 1
0x01f7 1 0 0 1
0x01f9 1 0 0 1
0x01fc 1 0 0 1
0x0201 1 0 0 1
0x0208 1 0 0 1
0x0211 1 0 0 1
0x021c 1 0 0 1
0x022a 1 0 0 1
0x0239 1 0 0 1
0x024a 1 0 0 1
0x0259 1 0 0 1
0x0267 1 0 0 1
0x0272 1 0 0 1
0x0278 1 0 0 1
0x0279 1 0 0 1
0x0275 1 0 0 1
0x026c 1 0 0 1
0x025f 1 0 0 1
0x0250 1 0 0 1
0x0240 1 0 0 1
0x0230 1 0 0 1
0x0222 1 0 0 1
0x0215 1 0 0 1
0x020b 1 0 0 1
0x0204 1 0 0 1
0x01fe 1 0 0 1
0x01fa 1 0 0 1
0x01f7 1 0 0 1
0x01f6 1 0 0 1
0x01f5 1 0 0 1
0x01f4 1 0 0 1
0x01f4 1 0 0 1
0x01f4 1 0 0 1
0x01f4 1 0 0 1
0x01f4 1 0 0 1
0x01f4 1 0 0 1
0x01f4 1 0 0 1
0x01f4 1 1 1 1
0x01f4 1 0 0 1
0x01f4 1 0 0 1
0x01f4 1 0 0 1
0x01f4 1 0 0 1
0x01f4 1 0 0 1
0x01f4 1 0 0 1
0x01f4 1 0 0 1
0x01f4 1 0 0 1
0x01f4 1 0 0 1
0x01f4 1 0 0 1
0x01f4 1 0 0 1
0x01f4 1 0 0 1
0x01f4 1 0 0 1
0x01f4 1 0 0 1
0x01f4 1 0 0 1
0x01f4 1 0 0 1
0x01f4 1 0 0 1
0x01f5 1 0 0 1
0x01f6 1 0 0 1
0x01f8 1 0 0 1
0x01fb 1 0 0 1
0x0200 1 0 0 1
0x0206 1 0 0 1
0x020f 1 0 0 1
0x021a 1 0 0 1
0x0228 1 0 0 1
0x0237 1 0 0 1
0x0248 1 0 0 1
0x0258 1 0 0 1
0x0267 1 0 0 1
0x0273 1 0 0 1
0x027b 1 0 0 1
0x027d 1 0 0 1
0x027b 1 0 0 1
0x0273 1 0 0 1
0x0266 1 0 0 1
0x0257 1 0 0 1
0x0247 1 0 0 1
0x0236 1 0 0 1
0x0227 1 0 0 1
0x021a 1 0 0 1
0x020f 1 0 0 1
0x0206 1 0 0 1
0x0200 1 0 0 1
0x01fb 1 0 0 1
0x01f8 1 0 0 1
0x01f6 1 0 0 1
0x01f5 1 0 0 1
0x01f4 1 0 0 1
0x01f4 1 0 0 1
0x01f4 1 0 0 1
0x01f4 1 0 0 1
0x01f4 1 0 0 1
0x01f4 1 0 0 1
0x01f4 1 0 0 1
0x01f4 1 0 0 1
0x01f4 1 0 0 1
0x01f4 1 0 0 1
0x01f4 1 0 0 1
0x01f4 1 0 0 1
0x01f4 1 0 0 1
0x01f4 1 0 0 1
0x01f4 1 0 0 1
0x01f4 1 1 1 1
0x01f4 1 0 0 1
0x01f4 1 0 0 1
0x01f4 1 0 0 1
0x01f4 1 0 0 1
0x01f4 1 0 0 1
0x01f4 1 0 0 1
0x01f4 1 0 0 1
0x01f4 1 0 0 1
0x01f4 1 0 0 1
0x01f4 1 0 0 1
0x01f4 1 0 0 1
0x01f4 1 0 0 1
0x01f4 1 0 0 1
0x01f4 1 0 0 1
0x01f4 1 0 0 1
0x01f4 1 0 0 1
0x01f4 1 0 0 1
0x01f4 1 0 0 1
0x01f4 1 0 0 1
0x01f4 1 0 0 1
0x01f4 1 0 0 1
0x01f4 1 0 0 1
0x01f4 1 0 0 1
0x01f4 1 0 0 1
0x01f5 1 0 0 1
0x01f7 1 0 0 1
0x01f9 1 0 0 1
0x01fc 1 0 0 1
0x0201 1 0 0 1
0x0208 1 0 0 1
0x0212 1 0 0 1
0x021d 1 0 0 1
0x022c 1 0 0 1
0x023c 1 0 0 1
0x024d 1 0 0 1
0x025e 1 0 0 1
0x026d 1 0 0 1
0x0279 1 0 0 1
0x0280 1 0 0 1
0x0281 1 0 0 1
0x027e 1 0 0 1
0x0274 1 0 0 1
0x0267 1 0 0 1
0x0257 1 0 0 1
0x0246 1 0 0 1
0x0235 1 0 0 1
0x0226 1 0 0 1
0x0219 1 0 0 1
0x020e 1 0 0 1
0x0205 1 0 0 1
0x01ff 1 0 0 1
0x01fb 1 0 0 1
0x01f8 1 0 0 1
0x01f6 1 0 0 1
0x01f5 1 0 0 1
0x01f4 1 0 0 1
0x01f4 1 0 0 1
0x01f4 1 0 0 1
0x01f4 1 0 0 1
0x01f4 1 0 0 1
0x01f4 1 0 0 1
0x01f4 1 0 0 1
0x01f4 1 0 0 1
0x01f4 1 1 1 1
0x01f4 1 0 0 1
0x01f4 1 0 0 1
0x01f4 1 0 0 1
0x01f4 1 0 0 1
0x01f4 1 0 0 1
0x01f4 1 0 0 1
0x01f4 1 0 0 1
0x01f4 1 0 0 1
0x01f4 1 0 0 1
0x01f4 1 0 0 1
0x01f4 1 0 0 1
0x01f4 1 0 0 1
0x01f4 1 0 0 1
0x01f4 1 0 0 1
0x01f4 1 0 0 1
0x01f4 1 0 0 1
0x01f4 1 0 0 1
0x01f4 1 0 0 1
0x01f4 1 0 0 1
0x01f4 1 0 0 1
0x01f4 1 0 0 1
0x01f4 1 0 0 1
0x01f4 1 0 0 1
0x01f4 1 0 0 1
0x01f4 1 0 0 1
0x01f4 1 0 0 1
0x01f4 1 0 0 1
0x01f4 1 0 0 1
0x01f4 1 0 0 1
0x01f4 1 0 0 1
0x01f4 1 0 0 1
0x01f4 1 0 0 1
0x01f4 1 0 0 1
0x01f4 1 0 0 1
0x01f4 1 0 0 1
0x01f4 1 0 0 1
0x01f4 1 0 0 1
0x01f4 1 0 0 1
0x01f5 1 0 0 1
0x01f6 1 0 0 1
0x01f7 1 0 0 1
0x01fa 1 0 0 1
0x01fe 1 0 0 1
0x0203 1 0 0 1
0x020b 1 0 0 1
0x0215 1 0 0 1
0x0222 1 0 0 1
0x0231 1 0 0 1
0x0242 1 0 0 1
0x0254 1 0 0 1
0x0265 1 0 0 1
0x0274 1 0 0 1
0x027f 1 0 0 1
0x0285 1 0 0 1
0x0285 1 0 0 1
0x0280 1 0 0 1
0x0275 1 0 0 1
0x0267 1 0 0 1
0x0256 1 0 0 1
0x0244 1 0 0 1
0x0233 1 0 0 1
0x0224 1 0 0 1
0x0217 1 0 0 1
0x020c 1 1 1 1
0x01f4 1 0 0 1
0x01f4 1 0 0 1
0x01f4 1 0 0 1
0x01f4 1 0 0 1
0x01f4 1 0 0 1
0x01f4 1 0 0 1
0x01f4 1 0 0 1
0x01f4 1 0 0 1
0x01f4 1 0 0 1
0x01f4 1 0 0 1
0x01f4 1 0 0 1
0x01f4 1 0 0 1
0x01f4 1 0 0 1
0x01f4 1 0 0 1
0x01f4 1 0 0 1
0x01f4 1 0 0 1
0x01f4 1 0 0 1
0x01f4 1 0 0 1
0x01f5 1 0 0 1
0x01f6 1 0 0 1
0x01f8 1 0 0 1
0x01fc 1 0 0 1
0x0201 1 0 0 1
0x0207 1 0 0 1
0x0211 1 0 0 1
0x021d 1 0 0 1
0x022b 1 0 0 1
0x023c 1 0 0 1
0x024e 1 0 0 1
0x0260 1 0 0 1
0x0270 1 0 0 1
0x027d 1 0 0 1
0x0286 1 0 0 1
0x0289 1 0 0 1
0x0287 1 0 0 1
0x027f 1 0 0 1
0x0272 1 0 0 1
0x0261 1 0 0 1
0x024f 1 0 0 1
0x023d 1 0 0 1
0x022d 1 0 0 1
0x021e 1 0 0 1
0x0212 1 0 0 1
0x0208 1 0 0 1
0x0201 1 0 0 1
0x01fc 1 0 0 1
0x01f9 1 0 0 1
0x01f7 1 0 0 1
0x01f5 1 0 0 1
0x01f4 1 0 0 1
0x01f4 1 0 0 1
0x01f4 1 0 0 1
0x01f4 1 0 0 1
0x01f4 1 0 0 1
0x01f4 1 0 0 1
0x01f4 1 0 0 1
0x01f4 1 0 0 1
0x01f4 1 0 0 1
0x01f4 1 0 0 1
0x01f4 1 0 0 1
0x01f4 1 0 0 1
0x01f4 1 0 0 1
0x01f4 1 0 0 1
0x01f4 1 1 1 1
0x024a 1 0 0 1
0x025d 1 0 0 1
0x026e 1 0 0 1
0x027d 1 0 0 1
0x0288 1 0 0 1
0x028d 1 0 0 1
0x028c 1 0 0 1
0x0285 1 0 0 1
0x0279 1 0 0 1
0x026a 1 0 0 1
0x0258 1 0 0 1
0x0245 1 0 0 1
0x0233 1 0 0 1
0x0223 1 0 0 1
0x0216 1 0 0 1
0x020c 1 0 0 1
0x0203 1 0 0 1
0x01fe 1 0 0 1
0x01fa 1 0 0 1
0x01f7 1 0 0 1
0x01f6 1 0 0 1
0x01f5 1 0 0 1
0x01f4 1 0 0 1
0x01f4 1 0 0 1
0x01f4 1 0 0 1
0x01f4 1 0 0 1
0x01f4 1 0 0 1
0x01f4 1 0 0 1
0x01f4 1 0 0 1
0x01f4 1 0 0 1
0x01f4 1 0 0 1
0x01f4 1 0 0 1
0x01f4 1 0 0 1
0x01f4 1 0 0 1
0x01f4 1 0 0 1
0x01f4 1 0 0 1
0x01f4 1 0 0 1
0x01f4 1 0 0 1
0x01f4 1 0 0 1
0x01f4 1 0 0 1
0x01f4 1 0 0 1
0x01f4 1 0 0 1
0x01f4 1 0 0 1
0x01f4 1 0 0 1
0x01f4 1 0 0 1
0x01f4 1 0 0 1
0x01f4 1 0 0 1
0x01f4 1 0 0 1
0x01f4 1 0 0 1
0x01f4 1 0 0 1
0x01f4 1 0 0 1
0x01f4 1 0 0 1
0x01f4 1 0 0 1
0x01f4 1 0 0 1
0x01f4 1 0 0 1
0x01f4 1 0 0 1
0x01f4 1 0 0 1
0x01f4 1 0 0 1
0x01f4 1 0 0 1
0x01f4 1 0 0 1
0x01f4 1 0 0 1
0x01f4 1 0 0 1
0x01f4 1 0 0 1
0x01f4 1 1 1 1
0x01f4 1 0 0 1
0x01f4 1 0 0 1
0x01f4 1 0 0 1
0x01f4 1 0 0 1
0x01f4 1 0 0 1
0x01f4 1 0 0 1
0x01f4 1 0 0 1
0x01f4 1 0 0 1
0x01f4 1 0 0 1
0x01f4 1 0 0 1
0x01f4 1 0 0 1
0x01f4 1 0 0 1
0x01f4 1 0 0 1
0x01f4 1 0 0 1
0x01f4 1 0 0 1
0x01f4 1 0 0 1
0x01f4 1 0 0 1
0x01f4 1 0 0 1
0x01f4 1 0 0 1
0x01f4 1 0 0 1
0x01f4 1 0 0 1
0x01f4 1 0 0 1
0x01f4 1 0 0 1
0x01f4 1 0 0 1
0x01f5 1 0 0 1
0x01f6 1 0 0 1
0x01f9 1 0 0 1
0x01fc 1 0 0 1
0x0201 1 0 0 1
0x0208 1 0 0 1
0x0211 1 0 0 1
0x021e 1 0 0 1
0x022d 1 0 0 1
0x023e 1 0 0 1
0x0251 1 0 0 1
0x0264 1 0 0 1
0x0275 1 0 0 1
0x0284 1 0 0 1
0x028d 1 0 0 1
0x0291 1 0 0 1
0x028f 1 0 0 1
0x0287 1 0 0 1
0x027a 1 0 0 1
0x0269 1 0 0 1
0x0256 1 0 0 1
0x0243 1 0 0 1
0x0231 1 0 0 1
0x0221 1 0 0 1
0x0214 1 0 0 1
0x020a 1 0 0 1
0x0202 1 0 0 1
0x01fd 1 0 0 1
0x01f9 1 0 0 1
0x01f7 1 0 0 1
0x01f5 1 0 0 1
0x01f5 1 0 0 1
0x01f4 1 0 0 1
0x01f4 1 0 0 1
0x01f4 1 0 0 1
0x01f4 1 0 0 1
0x01f4 1 0 0 1
0x01f4 1 0 0 1
0x01f4 1 0 0 1
0x01f4 1 1 1 1
0x01f4 1 0 0 1
0x01f4 1 0 0 1
0x01f4 1 0 0 1
0x01f4 1 0 0 1
0x01f4 1 0 0 1
0x01f4 1 0 0 1
0x01f4 1 0 0 1
0x01f4 1 0 0 1
0x01f4 1 0 0 1
0x01f4 1 0 0 1
0x01f4 1 0 0 1
0x01f4 1 0 0 1
0x01f4 1 0 0 1
0x01f4 1 0 0 1
0x01f4 1 0 0 1
0x01f4 1 0 0 1
0x01f4 1 0 0 1
0x01f4 1 0 0 1
0x01f4 1 0 0 1
0x01f4 1 0 0 1
0x01f4 1 0 0 1
0x01f4 1 0 0 1
0x01f4 1 0 0 1
0x01f4 1 0 0 1
0x01f4 1 0 0 1
0x01f4 1 0 0 1
0x01f4 1 0 0 1
0x01f4 1 0 0 1
0x01f4 1 0 0 1
0x01f4 1 0 0 1
0x01f4 1 0 0 1
0x01f4 1 0 0 1
0x01f4 1 0 0 1
0x01f4 1 0 0 1
0x01f4 1 0 0 1
0x01f4 1 0 0 1
0x01f4 1 0 0 1
0x01f4 1 0 0 1
0x01f4 1 0 0 1
0x01f5 1 0 0 1
0x01f6 1 0 0 1
0x01f8 1 0 0 1
0x01fb 1 0 0 1
0x01ff 1 0 0 1
0x0205 1 0 0 1
0x020e 1 0 0 1
0x0219 1 0 0 1
0x0228 1 0 0 1
0x0239 1 0 0 1
0x024b 1 0 0 1
0x025f 1 0 0 1
0x0272 1 0 0 1
0x0282 1 0 0 1
0x028e 1 0 0 1
0x0295 1 0 0 1
0x0295 1 0 0 1
0x028f 1 0 0 1
0x0283 1 0 0 1
0x0273 1 0 0 1
0x0260 1 0 0 1
0x024c 1 0 0 1
0x023a 1 0 0 1
0x0229 1 0 0 1
0x021a 1 1 1 1
0x01f4 1 0 0 1
0x01f4 1 0 0 1
0x01f4 1 0 0 1
0x01f4 1 0 0 1
0x01f4 1 0 0 1
0x01f4 1 0 0 1
0x01f4 1 0 0 1
0x01f4 1 0 0 1
0x01f4 1 0 0 1
0x01f4 1 0 0 1
0x01f4 1 0 0 1
0x01f4 1 0 0 1
0x01f4 1 0 0 1
0x01f5 1 0 0 1
0x01f5 1 0 0 1
0x01f7 1 0 0 1
0x01f9 1 0 0 1
0x01fd 1 0 0 1
0x0203 1 0 0 1
0x020b 1 0 0 1
0x0216 1 0 0 1
0x0223 1 0 0 1
0x0234 1 0 0 1
0x0246 1 0 0 1
0x025a 1 0 0 1
0x026e 1 0 0 1
0x0280 1 0 0 1
0x028e 1 0 0 1
0x0297 1 0 0 1
0x0299 1 0 0 1
0x0295 1 0 0 1
0x028b 1 0 0 1
0x027c 1 0 0 1
0x026a 1 0 0 1
0x0256 1 0 0 1
0x0242 1 0 0 1
0x0230 1 0 0 1
0x0220 1 0 0 1
0x0213 1 0 0 1
0x0209 1 0 0 1
0x0202 1 0 0 1
0x01fc 1 0 0 1
0x01f9 1 0 0 1
0x01f7 1 0 0 1
0x01f5 1 0 0 1
0x01f4 1 0 0 1
0x01f4 1 0 0 1
0x01f4 1 0 0 1
0x01f4 1 0 0 1
0x01f4 1 0 0 1
0x01f4 1 0 0 1
0x01f4 1 0 0 1
0x01f4 1 0 0 1
0x01f4 1 0 0 1
0x01f4 1 0 0 1
0x01f4 1 0 0 1
0x01f4 1 0 0 1
0x01f4 1 0 0 1
0x01f4 1 0 0 1
0x01f4 1 0 0 1
0x01f4 1 0 0 1
0x01f4 1 0 0 1
0x01f4 1 0 0 1
0x01f4 1 1 1 1
0x0231 1 0 0 1
0x0244 1 0 0 1
0x0258 1 0 0 1
0x026c 1 0 0 1
0x027f 1 0 0 1
0x028f 1 0 0 1
0x0299 1 0 0 1
0x029d 1 0 0 1
0x029b 1 0 0 1
0x0292 1 0 0 1
0x0284 1 0 0 1
0x0271 1 0 0 1
0x025d 1 0 0 1
0x0249 1 0 0 1
0x0236 1 0 0 1
0x0225 1 0 0 1
0x0217 1 0 0 1
0x020c 1 0 0 1
0x0203 1 0 0 1
0x01fe 1 0 0 1
0x01fa 1 0 0 1
0x01f7 1 0 0 1
0x01f6 1 0 0 1
0x01f5 1 0 0 1
0x01f4 1 0 0 1
0x01f4 1 0 0 1
0x01f4 1 0 0 1
0x01f4 1 0 0 1
0x01f4 1 0 0 1
0x01f4 1 0 0 1
0x01f4 1 0 0 1
0x01f4 1 0 0 1
0x01f4 1 0 0 1
0x01f4 1 0 0 1
0x01f4 1 0 0 1
0x01f4 1 0 0 1
0x01f4 1 0 0 1
0x01f4 1 0 0 1
0x01f4 1 0 0 1
0x01f4 1 0 0 1
0x01f4 1 0 0 1
0x01f4 1 0 0 1
0x01f4 1 0 0 1
0x01f4 1 0 0 1
0x01f4 1 0 0 1
0x01f4 1 0 0 1
0x01f4 1 0 0 1
0x01f4 1 0 0 1
0x01f4 1 0 0 1
0x01f4 1 0 0 1
0x01f4 1 0 0 1
0x01f4 1 0 0 1
0x01f4 1 0 0 1
0x01f4 1 0 0 1
0x01f4 1 0 0 1
0x01f4 1 0 0 1
0x01f4 1 0 0 1
0x01f4 1 0 0 1
0x01f4 1 0 0 1
0x01f4 1 0 0 1
0x01f4 1 0 0 1
0x01f4 1 0 0 1
0x01f4 1 0 0 1
0x01f4 1 1 1 1
0x01f4 1 0 0 1
0x01f4 1 0 0 1
0x01f4 1 0 0 1
0x01f4 1 0 0 1
0x01f4 1 0 0 1
0x01f4 1 0 0 1
0x01f4 1 0 0 1
0x01f4 1 0 0 1
0x01f4 1 0 0 1
0x01f4 1 0 0 1
0x01f4 1 0 0 1
0x01f4 1 0 0 1
0x01f4 1 0 0 1
0x01f4 1 0 0 1
0x01f4 1 0 0 1
0x01f4 1 0 0 1
0x01f4 1 0 0 1
0x01f5 1 0 0 1
0x01f6 1 0 0 1
0x01f8 1 0 0 1
0x01fb 1 0 0 1
0x0200 1 0 0 1
0x0207 1 0 0 1
0x0211 1 0 0 1
0x021d 1 0 0 1
0x022d 1 0 0 1
0x0240 1 0 0 1
0x0254 1 0 0 1
0x0269 1 0 0 1
0x027d 1 0 0 1
0x028e 1 0 0 1
0x029b 1 0 0 1
0x02a1 1 0 0 1
0x02a0 1 0 0 1
0x0299 1 0 0 1
0x028c 1 0 0 1
0x027a 1 0 0 1
0x0266 1 0 0 1
0x0251 1 0 0 1
0x023d 1 0 0 1
0x022b 1 0 0 1
0x021c 1 0 0 1
0x020f 1 0 0 1
0x0206 1 0 0 1
0x01ff 1 0 0 1
0x01fb 1 0 0 1
0x01f8 1 0 0 1
0x01f6 1 0 0 1
0x01f5 1 0 0 1
0x01f4 1 0 0 1
0x01f4 1 0 0 1
0x01f4 1 0 0 1
0x01f4 1 0 0 1
0x01f4 1 0 0 1
0x01f4 1 0 0 1
0x01f4 1 0 0 1
0x01f4 1 0 0 1
0x01f4 1 0 0 1
0x01f4 1 0 0 1
0x01f4 1 0 0 1
0x01f4 1 0 0 1
0x01f4 1 0 0 1
0x01f4 1 0 0 1
0x01f4 1 1 1 1
0x01f4 1 0 0 1
0x01f4 1 0 0 1
0x01f4 1 0 0 1
0x01f4 1 0 0 1
0x01f4 1 0 0 1
0x01f4 1 0 0 1
0x01f4 1 0 0 1
0x01f4 1 0 0 1
0x01f4 1 0 0 1
0x01f4 1 0 0 1
0x01f4 1 0 0 1
0x01f4 1 0 0 1
0x01f4 1 0 0 1
0x01f4 1 0 0 1
0x01f4 1 0 0 1
0x01f4 1 0 0 1
0x01f4 1 0 0 1
0x01f4 1 0 0 1
0x01f4 1 0 0 1
0x01f4 1 0 0 1
0x01f4 1 0 0 1
0x01f5 1 0 0 1
0x01f6 1 0 0 1
0x01f8 1 0 0 1
0x01fb 1 0 0 1
0x0200 1 0 0 1
0x0207 1 0 0 1
0x0211 1 0 0 1
0x021d 1 0 0 1
0x022d 1 0 0 1
0x0240 1 0 0 1
0x0254 1 0 0 1
0x026a 1 0 0 1
0x027f 1 0 0 1
0x0290 1 0 0 1
0x029e 1 0 0 1
0x02a5 1 0 0 1
0x02a5 1 0 0 1
0x029e 1 0 0 1
0x0291 1 0 0 1
0x027f 1 0 0 1
0x026b 1 0 0 1
0x0255 1 0 0 1
0x0240 1 0 0 1
0x022e 1 0 0 1
0x021e 1 0 0 1
0x0211 1 0 0 1
0x0207 1 0 0 1
0x0200 1 0 0 1
0x01fb 1 0 0 1
0x01f8 1 0 0 1
0x01f6 1 0 0 1
0x01f5 1 0 0 1
0x01f4 1 0 0 1
0x01f4 1 0 0 1
0x01f4 1 0 0 1
0x01f4 1 0 0 1
0x01f4 1 0 0 1
0x01f4 1 0 0 1
0x01f4 1 0 0 1
0x01f4 1 0 0 1
0x01f4 1 0 0 1
0x01f4 1 0 0 1
0x01f4 1 1 1 1
0x01f4 1 0 0 1
0x01f4 1 0 0 1
0x01f4 1 0 0 1
0x01f4 1 0 0 1
0x01f4 1 0 0 1
0x01f4 1 0 0 1
0x01f4 1 0 0 1
0x01f4 1 0 0 1
0x01f4 1 0 0 1
0x01f4 1 0 0 1
0x01f4 1 0 0 1
0x01f5 1 0 0 1
0x01f6 1 0 0 1
0x01f7 1 0 0 1
0x01fa 1 0 0 1
0x01fe 1 0 0 1
0x0205 1 0 0 1
0x020e 1 0 0 1
0x021a 1 0 0 1
0x0229 1 0 0 1
0x023b 1 0 0 1
0x024f 1 0 0 1
0x0265 1 0 0 1
0x027b 1 0 0 1
0x028e 1 0 0 1
0x029d 1 0 0 1
0x02a7 1 0 0 1
0x02a9 1 0 0 1
0x02a5 1 0 0 1
0x0299 1 0 0 1
0x0289 1 0 0 1
0x0274 1 0 0 1
0x025f 1 0 0 1
0x0249 1 0 0 1
0x0235 1 0 0 1
0x0224 1 0 0 1
0x0216 1 0 0 1
0x020b 1 0 0 1
0x0203 1 0 0 1
0x01fd 1 0 0 1
0x01f9 1 0 0 1
0x01f7 1 0 0 1
0x01f5 1 0 0 1
0x01f4 1 0 0 1
0x01f4 1 0 0 1
0x01f4 1 0 0 1
0x01f4 1 0 0 1
0x01f4 1 0 0 1
0x01f4 1 0 0 1
0x01f4 1 0 0 1
0x01f4 1 0 0 1
0x01f4 1 0 0 1
0x01f4 1 0 0 1
0x01f4 1 0 0 1
0x01f4 1 0 0 1
0x01f4 1 0 0 1
0x01f4 1 0 0 1
0x01f4 1 0 0 1
0x01f4 1 0 0 1
0x01f4 1 0 0 1
0x01f4 1 0 0 1
0x01f4 1 0 0 1
0x01f4 1 0 0 1
0x01f4 1 1 1 1
0x01f4 1 0 0 1
0x01f4 1 0 0 1
0x01f4 1 0 0 1
0x01f4 1 0 0 1
0x01f4 1 0 0 1
0x01f4 1 0 0 1
0x01f4 1 0 0 1
0x01f4 1 0 0 1
0x01f4 1 0 0 1
0x01f4 1 0 0 1
0x01f4 1 0 0 1
0x01f4 1 0 0 1
0x01f4 1 0 0 1
0x01f4 1 0 0 1
0x01f4 1 0 0 1
0x01f4 1 0 0 1
0x01f4 1 0 0 1
0x01f4 1 0 0 1
0x01f4 1 0 0 1
0x01f4 1 0 0 1
0x01f4 1 0 0 1
0x01f4 1 0 0 1
0x01f4 1 0 0 1
0x01f4 1 0 0 1
0x01f4 1 0 0 1
0x01f4 1 0 0 1
0x01f4 1 0 0 1
0x01f4 1 0 0 1
0x01f4 1 0 0 1
0x01f4 1 0 0 1
0x01f4 1 0 0 1
0x01f4 1 0 0 1
0x01f4 1 0 0 1
0x01f4 1 0 0 1
0x01f4 1 0 0 1
0x01f4 1 0 0 1
0x01f4 1 0 0 1
0x01f4 1 0 0 1
0x01f4 1 0 0 1
0x01f4 1 0 0 1
0x01f4 1 0 0 1
0x01f4 1 0 0 1
0x01f4 1 0 0 1
0x01f4 1 0 0 1
0x01f4 1 0 0 1
0x01f5 1 0 0 1
0x01f6 1 0 0 1
0x01f9 1 0 0 1
0x01fc 1 0 0 1
0x0201 1 0 0 1
0x0209 1 0 0 1
0x0213 1 0 0 1
0x0221 1 0 0 1
0x0232 1 0 0 1
0x0245 1 0 0 1
0x025b 1 0 0 1
0x0272 1 0 0 1
0x0287 1 0 0 1
0x0299 1 0 0 1
0x02a6 1 0 0 1
0x02ad 1 0 0 1
0x02ac 1 0 0 1
0x02a4 1 0 0 1
0x0296 1 1 1 1
0x01f4 1 0 0 1
0x01f4 1 0 0 1
0x01f4 1 0 0 1
0x01f4 1 0 0 1
0x01f4 1 0 0 1
0x01f4 1 0 0 1
0x01f4 1 0 0 1
0x01f4 1 0 0 1
0x01f4 1 0 0 1
0x01f4 1 0 0 1
0x01f4 1 0 0 1
0x01f4 1 0 0 1
0x01f4 1 0 0 1
0x01f4 1 0 0 1
0x01f4 1 0 0 1
0x01f4 1 0 0 1
0x01f4 1 0 0 1
0x01f4 1 0 0 1
0x01f4 1 0 0 1
0x01f4 1 0 0 1
0x01f4 1 0 0 1
0x01f4 1 0 0 1
0x01f4 1 0 0 1
0x01f4 1 0 0 1
0x01f4 1 0 0 1
0x01f4 1 0 0 1
0x01f4 1 0 0 1
0x01f4 1 0 0 1
0x01f4 1 0 0 1
0x01f4 1 0 0 1
0x01f4 1 0 0 1
0x01f4 1 0 0 1
0x01f4 1 0 0 1
0x01f4 1 0 0 1
0x01f4 1 0 0 1
0x01f4 1 0 0 1
0x01f4 1 0 0 1
0x01f4 1 0 0 1
0x01f4 1 0 0 1
0x01f4 1 0 0 1
0x01f4 1 0 0 1
0x01f4 1 0 0 1
0x01f4 1 0 0 1
0x01f5 1 0 0 1
0x01f6 1 0 0 1
0x01f8 1 0 0 1
0x01fb 1 0 0 1
0x0200 1 0 0 1
0x0207 1 0 0 1
0x0210 1 0 0 1
0x021d 1 0 0 1
0x022d 1 0 0 1
0x0241 1 0 0 1
0x0256 1 0 0 1
0x026d 1 0 0 1
0x0284 1 0 0 1
0x0297 1 0 0 1
0x02a7 1 0 0 1
0x02b0 1 0 0 1
0x02b1 1 0 0 1
0x02ab 1 0 0 1
0x029f 1 0 0 1
0x028d 1 0 0 1
0x0277 1 1 1 1
0x01f4 1 0 0 1
0x01f4 1 0 0 1
0x01f5 1 0 0 1
0x01f6 1 0 0 1
0x01f7 1 0 0 1
0x01fa 1 0 0 1
0x01fe 1 0 0 1
0x0204 1 0 0 1
0x020d 1 0 0 1
0x0218 1 0 0 1
0x0227 1 0 0 1
0x023a 1 0 0 1
0x024f 1 0 0 1
0x0266 1 0 0 1
0x027e 1 0 0 1
0x0293 1 0 0 1
0x02a5 1 0 0 1
0x02b1 1 0 0 1
0x02b5 1 0 0 1
0x02b2 1 0 0 1
0x02a8 1 0 0 1
0x0298 1 0 0 1
0x0283 1 0 0 1
0x026c 1 0 0 1
0x0255 1 0 0 1
0x023f 1 0 0 1
0x022b 1 0 0 1
0x021c 1 0 0 1
0x020f 1 0 0 1
0x0206 1 0 0 1
0x01ff 1 0 0 1
0x01fb 1 0 0 1
0x01f8 1 0 0 1
0x01f6 1 0 0 1
0x01f5 1 0 0 1
0x01f4 1 0 0 1
0x01f4 1 0 0 1
0x01f4 1 0 0 1
0x01f4 1 0 0 1
0x01f4 1 0 0 1
0x01f4 1 0 0 1
0x01f4 1 0 0 1
0x01f4 1 0 0 1
0x01f4 1 0 0 1
0x01f4 1 0 0 1
0x01f4 1 0 0 1
0x01f4 1 0 0 1
0x01f4 1 0 0 1
0x01f4 1 0 0 1
0x01f4 1 0 0 1
0x01f4 1 0 0 1
0x01f4 1 0 0 1
0x01f4 1 0 0 1
0x01f4 1 0 0 1
0x01f4 1 0 0 1
0x01f4 1 0 0 1
0x01f4 1 0 0 1
0x01f4 1 0 0 1
0x01f4 1 0 0 1
0x01f4 1 0 0 1
0x01f4 1 0 0 1
0x01f4 1 0 0 1
0x01f4 1 0 0 1
0x01f4 1 1 1 1
0x01f4 1 0 0 1
0x01f4 1 0 0 1
0x01f4 1 0 0 1
0x01f4 1 0 0 1
0x01f4 1 0 0 1
0x01f4 1 0 0 1
0x01f4 1 0 0 1
0x01f4 1 0 0 1
0x01f4 1 0 0 1
0x01f4 1 0 0 1
0x01f4 1 0 0 1
0x01f4 1 0 0 1
0x01f4 1 0 0 1
0x01f4 1 0 0 1
0x01f4 1 0 0 1
0x01f4 1 0 0 1
0x01f4 1 0 0 1
0x01f4 1 0 0 1
0x01f4 1 0 0 1
0x01f4 1 0 0 1
0x01f4 1 0 0 1
0x01f4 1 0 0 1
0x01f4 1 0 0 1
0x01f4 1 0 0 1
0x01f4 1 0 0 1
0x01f4 1 0 0 1
0x01f4 1 0 0 1
0x01f4 1 0 0 1
0x01f4 1 0 0 1
0x01f4 1 0 0 1
0x01f4 1 0 0 1
0x01f4 1 0 0 1
0x01f4 1 0 0 1
0x01f4 1 0 0 1
0x01f4 1 0 0 1
0x01f4 1 0 0 1
0x01f4 1 0 0 1
0x01f4 1 0 0 1
0x01f4 1 0 0 1
0x01f4 1 0 0 1
0x01f4 1 0 0 1
0x01f5 1 0 0 1
0x01f7 1 0 0 1
0x01f9 1 0 0 1
0x01fd 1 0 0 1
0x0202 1 0 0 1
0x020a 1 0 0 1
0x0215 1 0 0 1
0x0224 1 0 0 1
0x0236 1 0 0 1
0x024b 1 0 0 1
0x0262 1 0 0 1
0x027a 1 0 0 1
0x0291 1 0 0 1
0x02a4 1 0 0 1
0x02b2 1 0 0 1
0x02b9 1 0 0 1
0x02b8 1 0 0 1
0x02b0 1 0 0 1
0x02a1 1 0 0 1
0x028c 1 0 0 1
0x0275 1 0 0 1
0x025d 1 0 0 1
0x0246 1 1 1 1
0x0215 1 0 0 1
0x0224 1 0 0 1
0x0236 1 0 0 1
0x024b 1 0 0 1
0x0263 1 0 0 1
0x027b 1 0 0 1
0x0293 1 0 0 1
0x02a7 1 0 0 1
0x02b5 1 0 0 1
0x02bd 1 0 0 1
0x02bc 1 0 0 1
0x02b4 1 0 0 1
0x02a5 1 0 0 1
0x0291 1 0 0 1
0x0279 1 0 0 1
0x0261 1 0 0 1
0x0249 1 0 0 1
0x0234 1 0 0 1
0x0222 1 0 0 1
0x0214 1 0 0 1
0x0209 1 0 0 1
0x0202 1 0 0 1
0x01fc 1 0 0 1
0x01f9 1 0 0 1
0x01f6 1 0 0 1
0x01f5 1 0 0 1
0x01f4 1 0 0 1
0x01f4 1 0 0 1
0x01f4 1 0 0 1
0x01f4 1 0 0 1
0x01f4 1 0 0 1
0x01f4 1 0 0 1
0x01f4 1 0 0 1
0x01f4 1 0 0 1
0x01f4 1 0 0 1
0x01f4 1 0 0 1
0x01f4 1 0 0 1
0x01f4 1 0 0 1
0x01f4 1 0 0 1
0x01f4 1 0 0 1
0x01f4 1 0 0 1
0x01f4 1 0 0 1
0x01f4 1 0 0 1
0x01f4 1 0 0 1
0x01f4 1 0 0 1
0x01f4 1 0 0 1
0x01f4 1 0 0 1
0x01f4 1 0 0 1
0x01f4 1 0 0 1
0x01f4 1 0 0 1
0x01f4 1 0 0 1
0x01f4 1 0 0 1
0x01f4 1 0 0 1
0x01f4 1 0 0 1
0x01f4 1 0 0 1
0x01f4 1 0 0 1
0x01f4 1 0 0 1
0x01f4 1 0 0 1
0x01f4 1 0 0 1
0x01f4 1 0 0 1
0x01f4 1 0 0 1
0x01f4 1 0 0 1
0x01f4 1 0 0 1
0x01f4 1 1 1 1
0x01f4 1 0 0 1
0x01f4 1 0 0 1
0x01f4 1 0 0 1
0x01f4 1 0 0 1
0x01f4 1 0 0 1
0x01f4 1 0 0 1
0x01f4 1 0 0 1
0x01f4 1 0 0 1
0x01f4 1 0 0 1
0x01f4 1 0 0 1
0x01f4 1 0 0 1
0x01f4 1 0 0 1
0x01f4 1 0 0 1
0x01f4 1 0 0 1
0x01f4 1 0 0 1
0x01f4 1 0 0 1
0x01f4 1 0 0 1
0x01f4 1 0 0 1
0x01f4 1 0 0 1
0x01f4 1 0 0 1
0x01f4 1 0 0 1
0x01f4 1 0 0 1
0x01f4 1 0 0 1
0x01f4 1 0 0 1
0x01f4 1 0 0 1
0x01f4 1 0 0 1
0x01f4 1 0 0 1
0x01f4 1 0 0 1
0x01f4 1 0 0 1
0x01f4 1 0 0 1
0x01f4 1 0 0 1
0x01f4 1 0 0 1
0x01f4 1 0 0 1
0x01f4 1 0 0 1
0x01f4 1 0 0 1
0x01f5 1 0 0 1
0x01f6 1 0 0 1
0x01f8 1 0 0 1
0x01fa 1 0 0 1
0x01ff 1 0 0 1
0x0206 1 0 0 1
0x020f 1 0 0 1
0x021c 1 0 0 1
0x022c 1 0 0 1
0x0240 1 0 0 1
0x0257 1 0 0 1
0x0270 1 0 0 1
0x0288 1 0 0 1
0x029f 1 0 0 1
0x02b1 1 0 0 1
0x02bd 1 0 0 1
0x02c1 1 0 0 1
0x02be 1 0 0 1
0x02b2 1 0 0 1
0x02a0 1 0 0 1
0x028a 1 0 0 1
0x0271 1 0 0 1
0x0259 1 0 0 1
0x0242 1 0 0 1
0x022d 1 0 0 1
0x021d 1 0 0 1
0x0210 1 0 0 1
0x0206 1 0 0 1
0x01ff 1 1 1 1
0x01f4 1 0 0 1
0x01f4 1 0 0 1
0x01f4 1 0 0 1
0x01f4 1 0 0 1
0x01f4 1 0 0 1
0x01f4 1 0 0 1
0x01f4 1 0 0 1
0x01f4 1 0 0 1
0x01f4 1 0 0 1
0x01f4 1 0 0 1
0x01f4 1 0 0 1
0x01f4 1 0 0 1
0x01f4 1 0 0 1
0x01f4 1 0 0 1
0x01f4 1 0 0 1
0x01f4 1 0 0 1
0x01f4 1 0 0 1
0x01f4 1 0 0 1
0x01f4 1 0 0 1
0x01f4 1 0 0 1
0x01f4 1 0 0 1
0x01f4 1 0 0 1
0x01f4 1 0 0 1
0x01f4 1 0 0 1
0x01f4 1 0 0 1
0x01f4 1 0 0 1
0x01f4 1 0 0 1
0x01f4 1 0 0 1
0x01f4 1 0 0 1
0x01f4 1 0 0 1
0x01f4 1 0 0 1
0x01f4 1 0 0 1
0x01f4 1 0 0 1
0x01f4 1 0 0 1
0x01f4 1 0 0 1
0x01f4 1 0 0 1
0x01f4 1 0 0 1
0x01f4 1 0 0 1
0x01f4 1 0 0 1
0x01f4 1 0 0 1
0x01f4 1 0 0 1
0x01f4 1 0 0 1
0x01f4 1 0 0 1
0x01f4 1 0 0 1
0x01f5 1 0 0 1
0x01f6 1 0 0 1
0x01f7 1 0 0 1
0x01fa 1 0 0 1
0x01fe 1 0 0 1
0x0205 1 0 0 1
0x020e 1 0 0 1
0x021a 1 0 0 1
0x022a 1 0 0 1
0x023e 1 0 0 1
0x0255 1 0 0 1
0x026e 1 0 0 1
0x0287 1 0 0 1
0x029f 1 0 0 1
0x02b2 1 0 0 1
0x02c0 1 0 0 1
0x02c5 1 0 0 1
0x02c3 1 0 0 1
0x02b8 1 0 0 1
0x02a7 1 1 1 1
0x01f4 1 0 0 1
0x01f4 1 0 0 1
0x01f4 1 0 0 1
0x01f4 1 0 0 1
0x01f4 1 0 0 1
0x01f4 1 0 0 1
0x01f4 1 0 0 1
0x01f4 1 0 0 1
0x01f4 1 0 0 1
0x01f4 1 0 0 1
0x01f4 1 0 0 1
0x01f4 1 0 0 1
0x01f4 1 0 0 1
0x01f4 1 0 0 1
0x01f4 1 0 0 1
0x01f4 1 0 0 1
0x01f4 1 0 0 1
0x01f4 1 0 0 1
0x01f4 1 0 0 1
0x01f4 1 0 0 1
0x01f4 1 0 0 1
0x01f4 1 0 0 1
0x01f4 1 0 0 1
0x01f4 1 0 0 1
0x01f4 1 0 0 1
0x01f4 1 0 0 1
0x01f4 1 0 0 1
0x01f4 1 0 0 1
0x01f4 1 0 0 1
0x01f4 1 0 0 1
0x01f4 1 0 0 1
0x01f4 1 0 0 1
0x01f4 1 0 0 1
0x01f4 1 0 0 1
0x01f4 1 0 0 1
0x01f4 1 0 0 1
0x01f4 1 0 0 1
0x01f5 1 0 0 1
0x01f6 1 0 0 1
0x01f8 1 0 0 1
0x01fb 1 0 0 1
0x0200 1 0 0 1
0x0208 1 0 0 1
0x0212 1 0 0 1
0x0220 1 0 0 1
0x0231 1 0 0 1
0x0247 1 0 0 1
0x025f 1 0 0 1
0x0278 1 0 0 1
0x0292 1 0 0 1
0x02a9 1 0 0 1
0x02bb 1 0 0 1
0x02c6 1 0 0 1
0x02c9 1 0 0 1
0x02c4 1 0 0 1
0x02b7 1 0 0 1
0x02a4 1 0 0 1
0x028c 1 0 0 1
0x0272 1 0 0 1
0x0259 1 0 0 1
0x0241 1 0 0 1
0x022d 1 0 0 1
0x021c 1 0 0 1
0x020f 1 1 1 1
0x01f4 1 0 0 1
0x01f4 1 0 0 1
0x01f4 1 0 0 1
0x01f4 1 0 0 1
0x01f4 1 0 0 1
0x01f4 1 0 0 1
0x01f4 1 0 0 1
0x01f4 1 0 0 1
0x01f4 1 0 0 1
0x01f4 1 0 0 1
0x01f4 1 0 0 1
0x01f4 1 0 0 1
0x01f4 1 0 0 1
0x01f4 1 0 0 1
0x01f4 1 0 0 1
0x01f4 1 0 0 1
0x01f4 1 0 0 1
0x01f4 1 0 0 1
0x01f4 1 0 0 1
0x01f4 1 0 0 1
0x01f4 1 0 0 1
0x01f4 1 0 0 1
0x01f4 1 0 0 1
0x01f4 1 0 0 1
0x01f4 1 0 0 1
0x01f4 1 0 0 1
0x01f4 1 0 0 1
0x01f5 1 0 0 1
0x01f6 1 0 0 1
0x01f8 1 0 0 1
0x01fc 1 0 0 1
0x0201 1 0 0 1
0x0208 1 0 0 1
0x0213 1 0 0 1
0x0221 1 0 0 1
0x0233 1 0 0 1
0x0249 1 0 0 1
0x0261 1 0 0 1
0x027c 1 0 0 1
0x0295 1 0 0 1
0x02ad 1 0 0 1
0x02bf 1 0 0 1
0x02ca 1 0 0 1
0x02cd 1 0 0 1
0x02c8 1 0 0 1
0x02ba 1 0 0 1
0x02a6 1 0 0 1
0x028e 1 0 0 1
0x0274 1 0 0 1
0x025a 1 0 0 1
0x0242 1 0 0 1
0x022d 1 0 0 1
0x021c 1 0 0 1
0x020f 1 0 0 1
0x0206 1 0 0 1
0x01ff 1 0 0 1
0x01fa 1 0 0 1
0x01f7 1 0 0 1
0x01f6 1 0 0 1
0x01f5 1 0 0 1
0x01f4 1 0 0 1
0x01f4 1 0 0 1
0x01f4 1 0 0 1
0x01f4 1 1 1 1
0x0260 1 0 0 1
0x027b 1 0 0 1
0x0296 1 0 0 1
0x02ae 1 0 0 1
0x02c1 1 0 0 1
0x02cd 1 0 0 1
0x02d1 1 0 0 1
0x02cd 1 0 0 1
0x02c0 1 0 0 1
0x02ac 1 0 0 1
0x0294 1 0 0 1
0x0279 1 0 0 1
0x025f 1 0 0 1
0x0246 1 0 0 1
0x0231 1 0 0 1
0x021f 1 0 0 1
0x0211 1 0 0 1
0x0207 1 0 0 1
0x0200 1 0 0 1
0x01fb 1 0 0 1
0x01f8 1 0 0 1
0x01f6 1 0 0 1
0x01f5 1 0 0 1
0x01f4 1 0 0 1
0x01f4 1 0 0 1
0x01f4 1 0 0 1
0x01f4 1 0 0 1
0x01f4 1 0 0 1
0x01f4 1 0 0 1
0x01f4 1 0 0 1
0x01f4 1 0 0 1
0x01f4 1 0 0 1
0x01f4 1 0 0 1
0x01f4 1 0 0 1
0x01f4 1 0 0 1
0x01f4 1 0 0 1
0x01f4 1 0 0 1
0x01f4 1 0 0 1
0x01f4 1 0 0 1
0x01f4 1 0 0 1
0x01f4 1 0 0 1
0x01f4 1 0 0 1
0x01f4 1 0 0 1
0x01f4 1 0 0 1
0x01f4 1 0 0 1
0x01f4 1 0 0 1
0x01f4 1 0 0 1
0x01f4 1 0 0 1
0x01f4 1 0 0 1
0x01f4 1 0 0 1
0x01f4 1 0 0 1
0x01f4 1 0 0 1
0x01f4 1 0 0 1
0x01f4 1 0 0 1
0x01f4 1 0 0 1
0x01f4 1 0 0 1
0x01f4 1 0 0 1
0x01f4 1 0 0 1
0x01f4 1 0 0 1
0x01f4 1 0 0 1
0x01f4 1 0 0 1
0x01f4 1 0 0 1
0x01f4 1 0 0 1
0x01f4 1 1 1 1
0x01f4 1 0 0 1
0x01f4 1 0 0 1
0x01f4 1 0 0 1
0x01f4 1 0 0 1
0x01f4 1 0 0 1
0x01f4 1 0 0 1
0x01f4 1 0 0 1
0x01f4 1 0 0 1
0x01f4 1 0 0 1
0x01f4 1 0 0 1
0x01f4 1 0 0 1
0x01f4 1 0 0 1
0x01f4 1 0 0 1
0x01f4 1 0 0 1
0x01f4 1 0 0 1
0x01f4 1 0 0 1
0x01f5 1 0 0 1
0x01f6 1 0 0 1
0x01f8 1 0 0 1
0x01fa 1 0 0 1
0x01ff 1 0 0 1
0x0206 1 0 0 1
0x0210 1 0 0 1
0x021d 1 0 0 1
0x022f 1 0 0 1
0x0244 1 0 0 1
0x025d 1 0 0 1
0x0278 1 0 0 1
0x0293 1 0 0 1
0x02ac 1 0 0 1
0x02c1 1 0 0 1
0x02cf 1 0 0 1
0x02d5 1 0 0 1
0x02d2 1 0 0 1
0x02c7 1 0 0 1
0x02b4 1 0 0 1
0x029c 1 0 0 1
0x0282 1 0 0 1
0x0266 1 0 0 1
0x024d 1 0 0 1
0x0236 1 0 0 1
0x0223 1 0 0 1
0x0214 1 0 0 1
0x0209 1 0 0 1
0x0201 1 0 0 1
0x01fc 1 0 0 1
0x01f8 1 0 0 1
0x01f6 1 0 0 1
0x01f5 1 0 0 1
0x01f4 1 0 0 1
0x01f4 1 0 0 1
0x01f4 1 0 0 1
0x01f4 1 0 0 1
0x01f4 1 0 0 1
0x01f4 1 0 0 1
0x01f4 1 0 0 1
0x01f4 1 0 0 1
0x01f4 1 0 0 1
0x01f4 1 0 0 1
0x01f4 1 0 0 1
0x01f4 1 0 0 1
0x01f4 1 0 0 1
0x01f4 1 0 0 1
0x01f4 1 1 1 1
0x01f4 1 0 0 1
0x01f4 1 0 0 1
0x01f4 1 0 0 1
0x01f4 1 0 0 1
0x01f4 1 0 0 1
0x01f4 1 0 0 1
0x01f4 1 0 0 1
0x01f4 1 0 0 1
0x01f4 1 0 0 1
0x01f4 1 0 0 1
0x01f4 1 0 0 1
0x01f4 1 0 0 1
0x01f4 1 0 0 1
0x01f4 1 0 0 1
0x01f4 1 0 0 1
0x01f4 1 0 0 1
0x01f4 1 0 0 1
0x01f4 1 0 0 1
0x01f5 1 0 0 1
0x01f7 1 0 0 1
0x01f9 1 0 0 1
0x01fd 1 0 0 1
0x0204 1 0 0 1
0x020c 1 0 0 1
0x0219 1 0 0 1
0x0229 1 0 0 1
0x023d 1 0 0 1
0x0255 1 0 0 1
0x0270 1 0 0 1
0x028c 1 0 0 1
0x02a7 1 0 0 1
0x02be 1 0 0 1
0x02cf 1 0 0 1
0x02d8 1 0 0 1
0x02d9 1 0 0 1
0x02d0 1 0 0 1
0x02bf 1 0 0 1
0x02a8 1 0 0 1
0x028e 1 0 0 1
0x0272 1 0 0 1
0x0257 1 0 0 1
0x023f 1 0 0 1
0x022a 1 0 0 1
0x021a 1 0 0 1
0x020d 1 0 0 1
0x0204 1 0 0 1
0x01fe 1 0 0 1
0x01fa 1 0 0 1
0x01f7 1 0 0 1
0x01f5 1 0 0 1
0x01f5 1 0 0 1
0x01f4 1 0 0 1
0x01f4 1 0 0 1
0x01f4 1 0 0 1
0x01f4 1 0 0 1
0x01f4 1 0 0 1
0x01f4 1 0 0 1
0x01f4 1 0 0 1
0x01f4 1 0 0 1
0x01f4 1 0 0 1
0x01f4 1 0 0 1
0x01f4 1 0 0 1
0x01f4 1 0 0 1
0x01f4 1 1 1 1
0x022d 1 0 0 1
0x0243 1 0 0 1
0x025c 1 0 0 1
0x0277 1 0 0 1
0x0294 1 0 0 1
0x02ae 1 0 0 1
0x02c5 1 0 0 1
0x02d5 1 0 0 1
0x02dd 1 0 0 1
0x02dc 1 0 0 1
0x02d1 1 0 0 1
0x02bf 1 0 0 1
0x02a7 1 0 0 1
0x028b 1 0 0 1
0x026f 1 0 0 1
0x0254 1 0 0 1
0x023c 1 0 0 1
0x0228 1 0 0 1
0x0218 1 0 0 1
0x020c 1 0 0 1
0x0203 1 0 0 1
0x01fd 1 0 0 1
0x01f9 1 0 0 1
0x01f7 1 0 0 1
0x01f5 1 0 0 1
0x01f4 1 0 0 1
0x01f4 1 0 0 1
0x01f4 1 0 0 1
0x01f4 1 0 0 1
0x01f4 1 0 0 1
0x01f4 1 0 0 1
0x01f4 1 0 0 1
0x01f4 1 0 0 1
0x01f4 1 0 0 1
0x01f4 1 0 0 1
0x01f4 1 0 0 1
0x01f4 1 0 0 1
0x01f4 1 0 0 1
0x01f4 1 0 0 1
0x01f4 1 0 0 1
0x01f4 1 0 0 1
0x01f4 1 0 0 1
0x01f4 1 0 0 1
0x01f4 1 0 0 1
0x01f4 1 0 0 1
0x01f4 1 0 0 1
0x01f4 1 0 0 1
0x01f4 1 0 0 1
0x01f4 1 0 0 1
0x01f4 1 0 0 1
0x01f4 1 0 0 1
0x01f4 1 0 0 1
0x01f4 1 0 0 1
0x01f4 1 0 0 1
0x01f4 1 0 0 1
0x01f4 1 0 0 1
0x01f4 1 0 0 1
0x01f4 1 0 0 1
0x01f4 1 0 0 1
0x01f4 1 0 0 1
0x01f4 1 0 0 1
0x01f4 1 0 0 1
0x01f4 1 0 0 1
0x01f4 1 1 1 1
0x01f4 1 0 0 1
0x01f4 1 0 0 1
0x01f4 1 0 0 1
0x01f4 1 0 0 1
0x01f4 1 0 0 1
0x01f4 1 0 0 1
0x01f4 1 0 0 1
0x01f4 1 0 0 1
0x01f4 1 0 0 1
0x01f4 1 0 0 1
0x01f4 1 0 0 1
0x01f5 1 0 0 1
0x01f6 1 0 0 1
0x01f8 1 0 0 1
0x01fb 1 0 0 1
0x0201 1 0 0 1
0x0208 1 0 0 1
0x0213 1 0 0 1
0x0222 1 0 0 1
0x0235 1 0 0 1
0x024b 1 0 0 1
0x0266 1 0 0 1
0x0282 1 0 0 1
0x029f 1 0 0 1
0x02b9 1 0 0 1
0x02ce 1 0 0 1
0x02dc 1 0 0 1
0x02e1 1 0 0 1
0x02dd 1 0 0 1
0x02d0 1 0 0 1
0x02bc 1 0 0 1
0x02a2 1 0 0 1
0x0285 1 0 0 1
0x0269 1 0 0 1
0x024e 1 0 0 1
0x0237 1 0 0 1
0x0224 1 0 0 1
0x0214 1 0 0 1
0x0209 1 0 0 1
0x0201 1 0 0 1
0x01fc 1 0 0 1
0x01f8 1 0 0 1
0x01f6 1 0 0 1
0x01f5 1 0 0 1
0x01f4 1 0 0 1
0x01f4 1 0 0 1
0x01f4 1 0 0 1
0x01f4 1 0 0 1
0x01f4 1 0 0 1
0x01f4 1 0 0 1
0x01f4 1 0 0 1
0x01f4 1 0 0 1
0x01f4 1 0 0 1
0x01f4 1 0 0 1
0x01f4 1 0 0 1
0x01f4 1 0 0 1
0x01f4 1 0 0 1
0x01f4 1 0 0 1
0x01f4 1 0 0 1
0x01f4 1 0 0 1
0x01f4 1 0 0 1
0x01f4 1 0 0 1
0x01f4 1 0 0 1
0x01f4 1 1 1 1
0x01f4 1 0 0 1
0x01f4 1 0 0 1
0x01f4 1 0 0 1
0x01f4 1 0 0 1
0x01f4 1 0 0 1
0x01f4 1 0 0 1
0x01f4 1 0 0 1
0x01f4 1 0 0 1
0x01f4 1 0 0 1
0x01f4 1 0 0 1
0x01f5 1 0 0 1
0x01f7 1 0 0 1
0x01f9 1 0 0 1
0x01fd 1 0 0 1
0x0203 1 0 0 1
0x020c 1 0 0 1
0x0218 1 0 0 1
0x0228 1 0 0 1
0x023d 1 0 0 1
0x0255 1 0 0 1
0x0271 1 0 0 1
0x028e 1 0 0 1
0x02ab 1 0 0 1
0x02c4 1 0 0 1
0x02d7 1 0 0 1
0x02e3 1 0 0 1
0x02e5 1 0 0 1
0x02de 1 0 0 1
0x02ce 1 0 0 1
0x02b7 1 0 0 1
0x029b 1 0 0 1
0x027e 1 0 0 1
0x0262 1 0 0 1
0x0248 1 0 0 1
0x0231 1 0 0 1
0x021f 1 0 0 1
0x0211 1 0 0 1
0x0207 1 0 0 1
0x01ff 1 0 0 1
0x01fb 1 0 0 1
0x01f8 1 0 0 1
0x01f6 1 0 0 1
0x01f5 1 0 0 1
0x01f4 1 0 0 1
0x01f4 1 0 0 1
0x01f4 1 0 0 1
0x01f4 1 0 0 1
0x01f4 1 0 0 1
0x01f4 1 0 0 1
0x01f4 1 0 0 1
0x01f4 1 0 0 1
0x01f4 1 0 0 1
0x01f4 1 0 0 1
0x01f4 1 0 0 1
0x01f4 1 0 0 1
0x01f4 1 0 0 1
0x01f4 1 0 0 1
0x01f4 1 0 0 1
0x01f4 1 0 0 1
0x01f4 1 0 0 1
0x01f4 1 0 0 1
0x01f4 1 0 0 1
0x01f4 1 0 0 1
0x01f4 1 1 1 1
0x01f4 1 0 0 1
0x01f4 1 0 0 1
0x01f4 1 0 0 1
0x01f4 1 0 0 1
0x01f4 1 0 0 1
0x01f4 1 0 0 1
0x01f4 1 0 0 1
0x01f4 1 0 0 1
0x01f4 1 0 0 1
0x01f4 1 0 0 1
0x01f4 1 0 0 1
0x01f4 1 0 0 1
0x01f4 1 0 0 1
0x01f4 1 0 0 1
0x01f4 1 0 0 1
0x01f4 1 0 0 1
0x01f4 1 0 0 1
0x01f4 1 0 0 1
0x01f4 1 0 0 1
0x01f4 1 0 0 1
0x01f4 1 0 0 1
0x01f4 1 0 0 1
0x01f4 1 0 0 1
0x01f4 1 0 0 1
0x01f4 1 0 0 1
0x01f4 1 0 0 1
0x01f4 1 0 0 1
0x01f4 1 0 0 1
0x01f4 1 0 0 1
0x01f4 1 0 0 1
0x01f4 1 0 0 1
0x01f4 1 0 0 1
0x01f4 1 0 0 1
0x01f4 1 0 0 1
0x01f4 1 0 0 1
0x01f4 1 0 0 1
0x01f4 1 0 0 1
0x01f4 1 0 0 1
0x01f4 1 0 0 1
0x01f5 1 0 0 1
0x01f5 1 0 0 1
0x01f7 1 0 0 1
0x01fa 1 0 0 1
0x01fe 1 0 0 1
0x0205 1 0 0 1
0x020e 1 0 0 1
0x021b 1 0 0 1
0x022d 1 0 0 1
0x0242 1 0 0 1
0x025c 1 0 0 1
0x0278 1 0 0 1
0x0296 1 0 0 1
0x02b3 1 0 0 1
0x02cc 1 0 0 1
0x02de 1 0 0 1
0x02e8 1 0 0 1
0x02e8 1 0 0 1
0x02df 1 0 0 1
0x02ce 1 0 0 1
0x02b5 1 0 0 1
0x0299 1 0 0 1
0x027b 1 0 0 1
0x025e 1 0 0 1
0x0244 1 1 1 1
0x024a 1 0 0 1
0x0265 1 0 0 1
0x0282 1 0 0 1
0x02a1 1 0 0 1
0x02bd 1 0 0 1
0x02d5 1 0 0 1
0x02e5 1 0 0 1
0x02ed 1 0 0 1
0x02eb 1 0 0 1
0x02df 1 0 0 1
0x02cb 1 0 0 1
0x02b1 1 0 0 1
0x0294 1 0 0 1
0x0276 1 0 0 1
0x0259 1 0 0 1
0x0240 1 0 0 1
0x022a 1 0 0 1
0x0219 1 0 0 1
0x020d 1 0 0 1
0x0204 1 0 0 1
0x01fd 1 0 0 1
0x01f9 1 0 0 1
0x01f7 1 0 0 1
0x01f5 1 0 0 1
0x01f4 1 0 0 1
0x01f4 1 0 0 1
0x01f4 1 0 0 1
0x01f4 1 0 0 1
0x01f4 1 0 0 1
0x01f4 1 0 0 1
0x01f4 1 0 0 1
0x01f4 1 0 0 1
0x01f4 1 0 0 1
0x01f4 1 0 0 1
0x01f4 1 0 0 1
0x01f4 1 0 0 1
0x01f4 1 0 0 1
0x01f4 1 0 0 1
0x01f4 1 0 0 1
0x01f4 1 0 0 1
0x01f4 1 0 0 1
0x01f4 1 0 0 1
0x01f4 1 0 0 1
0x01f4 1 0 0 1
0x01f4 1 0 0 1
0x01f4 1 0 0 1
0x01f4 1 0 0 1
0x01f4 1 0 0 1
0x01f4 1 0 0 1
0x01f4 1 0 0 1
0x01f4 1 0 0 1
0x01f4 1 0 0 1
0x01f4 1 0 0 1
0x01f4 1 0 0 1
0x01f4 1 0 0 1
0x01f4 1 0 0 1
0x01f4 1 0 0 1
0x01f4 1 0 0 1
0x01f4 1 0 0 1
0x01f4 1 0 0 1
0x01f4 1 0 0 1
0x01f4 1 0 0 1
0x01f4 1 0 0 1
0x01f4 1 1 1 1
0x01f4 1 0 0 1
0x01f4 1 0 0 1
0x01f4 1 0 0 1
0x01f4 1 0 0 1
0x01f4 1 0 0 1
0x01f4 1 0 0 1
0x01f4 1 0 0 1
0x01f4 1 0 0 1
0x01f4 1 0 0 1
0x01f4 1 0 0 1
0x01f4 1 0 0 1
0x01f4 1 0 0 1
0x01f4 1 0 0 1
0x01f4 1 0 0 1
0x01f4 1 0 0 1
0x01f4 1 0 0 1
0x01f4 1 0 0 1
0x01f4 1 0 0 1
0x01f4 1 0 0 1
0x01f4 1 0 0 1
0x01f4 1 0 0 1
0x01f4 1 0 0 1
0x01f4 1 0 0 1
0x01f4 1 0 0 1
0x01f4 1 0 0 1
0x01f4 1 0 0 1
0x01f4 1 0 0 1
0x01f4 1 0 0 1
0x01f4 1 0 0 1
0x01f4 1 0 0 1
0x01f4 1 0 0 1
0x01f4 1 0 0 1
0x01f4 1 0 0 1
0x01f4 1 0 0 1
0x01f4 1 0 0 1
0x01f4 1 0 0 1
0x01f4 1 0 0 1
0x01f4 1 0 0 1
0x01f4 1 0 0 1
0x01f4 1 0 0 1
0x01f4 1 0 0 1
0x01f4 1 0 0 1
0x01f4 1 0 0 1
0x01f4 1 0 0 1
0x01f4 1 0 0 1
0x01f5 1 0 0 1
0x01f6 1 0 0 1
0x01f7 1 0 0 1
0x01fa 1 0 0 1
0x01ff 1 0 0 1
0x0206 1 0 0 1
0x0210 1 0 0 1
0x021e 1 0 0 1
0x0230 1 0 0 1
0x0247 1 0 0 1
0x0262 1 0 0 1
0x0280 1 0 0 1
0x029e 1 0 0 1
0x02bc 1 0 0 1
0x02d5 1 0 0 1
0x02e7 1 0 0 1
0x02f0 1 0 0 1
0x02f0 1 0 0 1
0x02e6 1 1 1 1
0x01f4 1 0 0 1
0x01f4 1 0 0 1
0x01f4 1 0 0 1
0x01f4 1 0 0 1
0x01f4 1 0 0 1
0x01f4 1 0 0 1
0x01f4 1 0 0 1
0x01f4 1 0 0 1
0x01f4 1 0 0 1
0x01f4 1 0 0 1
0x01f4 1 0 0 1
0x01f4 1 0 0 1
0x01f4 1 0 0 1
0x01f4 1 0 0 1
0x01f4 1 0 0 1
0x01f4 1 0 0 1
0x01f4 1 0 0 1
0x01f4 1 0 0 1
0x01f4 1 0 0 1
0x01f4 1 0 0 1
0x01f4 1 0 0 1
0x01f4 1 0 0 1
0x01f4 1 0 0 1
0x01f4 1 0 0 1
0x01f4 1 0 0 1
0x01f4 1 0 0 1
0x01f4 1 0 0 1
0x01f4 1 0 0 1
0x01f4 1 0 0 1
0x01f4 1 0 0 1
0x01f4 1 0 0 1
0x01f4 1 0 0 1
0x01f4 1 0 0 1
0x01f4 1 0 0 1
0x01f4 1 0 0 1
0x01f4 1 0 0 1
0x01f4 1 0 0 1
0x01f4 1 0 0 1
0x01f5 1 0 0 1
0x01f6 1 0 0 1
0x01f9 1 0 0 1
0x01fc 1 0 0 1
0x0202 1 0 0 1
0x020b 1 0 0 1
0x0217 1 0 0 1
0x0227 1 0 0 1
0x023c 1 0 0 1
0x0255 1 0 0 1
0x0272 1 0 0 1
0x0291 1 0 0 1
0x02b0 1 0 0 1
0x02cc 1 0 0 1
0x02e2 1 0 0 1
0x02f1 1 0 0 1
0x02f5 1 0 0 1
0x02f0 1 0 0 1
0x02e1 1 0 0 1
0x02ca 1 0 0 1
0x02ae 1 0 0 1
0x028f 1 0 0 1
0x0270 1 0 0 1
0x0254 1 0 0 1
0x023b 1 0 0 1
0x0226 1 1 1 1
0x01f9 1 0 0 1
0x01fd 1 0 0 1
0x0202 1 0 0 1
0x020b 1 0 0 1
0x0217 1 0 0 1
0x0228 1 0 0 1
0x023d 1 0 0 1
0x0256 1 0 0 1
0x0274 1 0 0 1
0x0293 1 0 0 1
0x02b2 1 0 0 1
0x02cf 1 0 0 1
0x02e6 1 0 0 1
0x02f5 1 0 0 1
0x02f9 1 0 0 1
0x02f4 1 0 0 1
0x02e5 1 0 0 1
0x02ce 1 0 0 1
0x02b1 1 0 0 1
0x0292 1 0 0 1
0x0272 1 0 0 1
0x0255 1 0 0 1
0x023c 1 0 0 1
0x0227 1 0 0 1
0x0217 1 0 0 1
0x020b 1 0 0 1
0x0202 1 0 0 1
0x01fc 1 0 0 1
0x01f9 1 0 0 1
0x01f6 1 0 0 1
0x01f5 1 0 0 1
0x01f4 1 0 0 1
0x01f4 1 0 0 1
0x01f4 1 0 0 1
0x01f4 1 0 0 1
0x01f4 1 0 0 1
0x01f4 1 0 0 1
0x01f4 1 0 0 1
0x01f4 1 0 0 1
0x01f4 1 0 0 1
0x01f4 1 0 0 1
0x01f4 1 0 0 1
0x01f4 1 0 0 1
0x01f4 1 0 0 1
0x01f4 1 0 0 1
0x01f4 1 0 0 1
0x01f4 1 0 0 1
0x01f4 1 0 0 1
0x01f4 1 0 0 1
0x01f4 1 0 0 1
0x01f4 1 0 0 1
0x01f4 1 0 0 1
0x01f4 1 0 0 1
0x01f4 1 0 0 1
0x01f4 1 0 0 1
0x01f4 1 0 0 1
0x01f4 1 0 0 1
0x01f4 1 0 0 1
0x01f4 1 0 0 1
0x01f4 1 0 0 1
0x01f4 1 0 0 1
0x01f4 1 0 0 1
0x01f4 1 0 0 1
0x01f4 1 1 1 1
0x0262 1 0 0 1
0x0280 1 0 0 1
0x02a1 1 0 0 1
0x02c0 1 0 0 1
0x02db 1 0 0 1
0x02f0 1 0 0 1
0x02fb 1 0 0 1
0x02fd 1 0 0 1
0x02f4 1 0 0 1
0x02e1 1 0 0 1
0x02c8 1 0 0 1
0x02a9 1 0 0 1
0x0289 1 0 0 1
0x026a 1 0 0 1
0x024d 1 0 0 1
0x0235 1 0 0 1
0x0222 1 0 0 1
0x0213 1 0 0 1
0x0208 1 0 0 1
0x0200 1 0 0 1
0x01fb 1 0 0 1
0x01f8 1 0 0 1
0x01f6 1 0 0 1
0x01f5 1 0 0 1
0x01f4 1 0 0 1
0x01f4 1 0 0 1
0x01f4 1 0 0 1
0x01f4 1 0 0 1
0x01f4 1 0 0 1
0x01f4 1 0 0 1
0x01f4 1 0 0 1
0x01f4 1 0 0 1
0x01f4 1 0 0 1
0x01f4 1 0 0 1
0x01f4 1 0 0 1
0x01f4 1 0 0 1
0x01f4 1 0 0 1
0x01f4 1 0 0 1
0x01f4 1 0 0 1
0x01f4 1 0 0 1
0x01f4 1 0 0 1
0x01f4 1 0 0 1
0x01f4 1 0 0 1
0x01f4 1 0 0 1
0x01f4 1 0 0 1
0x01f4 1 0 0 1
0x01f4 1 0 0 1
0x01f4 1 0 0 1
0x01f4 1 0 0 1
0x01f4 1 0 0 1
0x01f4 1 0 0 1
0x01f4 1 0 0 1
0x01f4 1 0 0 1
0x01f4 1 0 0 1
0x01f4 1 0 0 1
0x01f4 1 0 0 1
0x01f4 1 0 0 1
0x01f4 1 0 0 1
0x01f4 1 0 0 1
0x01f4 1 0 0 1
0x01f4 1 0 0 1
0x01f4 1 0 0 1
0x01f4 1 0 0 1
0x01f4 1 1 1 1
0x01f4 1 0 0 1
0x01f4 1 0 0 1
0x01f4 1 0 0 1
0x01f4 1 0 0 1
0x01f4 1 0 0 1
0x01f4 1 0 0 1
0x01f4 1 0 0 1
0x01f4 1 0 0 1
0x01f4 1 0 0 1
0x01f4 1 0 0 1
0x01f4 1 0 0 1
0x01f4 1 0 0 1
0x01f4 1 0 0 1
0x01f4 1 0 0 1
0x01f4 1 0 0 1
0x01f4 1 0 0 1
0x01f4 1 0 0 1
0x01f4 1 0 0 1
0x01f4 1 0 0 1
0x01f5 1 0 0 1
0x01f7 1 0 0 1
0x01f9 1 0 0 1
0x01fd 1 0 0 1
0x0203 1 0 0 1
0x020c 1 0 0 1
0x0218 1 0 0 1
0x0229 1 0 0 1
0x023f 1 0 0 1
0x0259 1 0 0 1
0x0278 1 0 0 1
0x0298 1 0 0 1
0x02b8 1 0 0 1
0x02d6 1 0 0 1
0x02ed 1 0 0 1
0x02fc 1 0 0 1
0x0301 1 0 0 1
0x02fc 1 0 0 1
0x02ec 1 0 0 1
0x02d4 1 0 0 1
0x02b7 1 0 0 1
0x0297 1 0 0 1
0x0276 1 0 0 1
0x0258 1 0 0 1
0x023e 1 0 0 1
0x0229 1 0 0 1
0x0218 1 0 0 1
0x020b 1 0 0 1
0x0203 1 0 0 1
0x01fd 1 0 0 1
0x01f9 1 0 0 1
0x01f6 1 0 0 1
0x01f5 1 0 0 1
0x01f4 1 0 0 1
0x01f4 1 0 0 1
0x01f4 1 0 0 1
0x01f4 1 0 0 1
0x01f4 1 0 0 1
0x01f4 1 0 0 1
0x01f4 1 0 0 1
0x01f4 1 0 0 1
0x01f4 1 0 0 1
0x01f4 1 0 0 1
0x01f4 1 0 0 1
0x01f4 1 1 1 1
0x01f4 1 0 0 1
0x01f4 1 0 0 1
0x01f5 1 0 0 1
0x01f5 1 0 0 1
0x01f7 1 0 0 1
0x01fa 1 0 0 1
0x01fe 1 0 0 1
0x0205 1 0 0 1
0x020f 1 0 0 1
0x021d 1 0 0 1
0x0230 1 0 0 1
0x0247 1 0 0 1
0x0263 1 0 0 1
0x0283 1 0 0 1
0x02a4 1 0 0 1
0x02c4 1 0 0 1
0x02e0 1 0 0 1
0x02f6 1 0 0 1
0x0303 1 0 0 1
0x0305 1 0 0 1
0x02fc 1 0 0 1
0x02ea 1 0 0 1
0x02d0 1 0 0 1
0x02b1 1 0 0 1
0x0290 1 0 0 1
0x026f 1 0 0 1
0x0252 1 0 0 1
0x0239 1 0 0 1
0x0224 1 0 0 1
0x0214 1 0 0 1
0x0209 1 0 0 1
0x0201 1 0 0 1
0x01fb 1 0 0 1
0x01f8 1 0 0 1
0x01f6 1 0 0 1
0x01f5 1 0 0 1
0x01f4 1 0 0 1
0x01f4 1 0 0 1
0x01f4 1 0 0 1
0x01f4 1 0 0 1
0x01f4 1 0 0 1
0x01f4 1 0 0 1
0x01f4 1 0 0 1
0x01f4 1 0 0 1
0x01f4 1 0 0 1
0x01f4 1 0 0 1
0x01f4 1 0 0 1
0x01f4 1 0 0 1
0x01f4 1 0 0 1
0x01f4 1 0 0 1
0x01f4 1 0 0 1
0x01f4 1 0 0 1
0x01f4 1 0 0 1
0x01f4 1 0 0 1
0x01f4 1 0 0 1
0x01f4 1 0 0 1
0x01f4 1 0 0 1
0x01f4 1 0 0 1
0x01f4 1 0 0 1
0x01f4 1 0 0 1
0x01f4 1 0 0 1
0x01f4 1 0 0 1
0x01f4 1 0 0 1
0x01f4 1 1 1 1
0x0274 1 0 0 1
0x0295 1 0 0 1
0x02b7 1 0 0 1
0x02d6 1 0 0 1
0x02f0 1 0 0 1
0x0301 1 0 0 1
0x0309 1 0 0 1
0x0306 1 0 0 1
0x02f8 1 0 0 1
0x02e1 1 0 0 1
0x02c4 1 0 0 1
0x02a3 1 0 0 1
0x0282 1 0 0 1
0x0262 1 0 0 1
0x0246 1 0 0 1
0x022f 1 0 0 1
0x021c 1 0 0 1
0x020f 1 0 0 1
0x0205 1 0 0 1
0x01fe 1 0 0 1
0x01fa 1 0 0 1
0x01f7 1 0 0 1
0x01f5 1 0 0 1
0x01f4 1 0 0 1
0x01f4 1 0 0 1
0x01f4 1 0 0 1
0x01f4 1 0 0 1
0x01f4 1 0 0 1
0x01f4 1 0 0 1
0x01f4 1 0 0 1
0x01f4 1 0 0 1
0x01f4 1 0 0 1
0x01f4 1 0 0 1
0x01f4 1 0 0 1
0x01f4 1 0 0 1
0x01f4 1 0 0 1
0x01f4 1 0 0 1
0x01f4 1 0 0 1
0x01f4 1 0 0 1
0x01f4 1 0 0 1
0x01f4 1 0 0 1
0x01f4 1 0 0 1
0x01f4 1 0 0 1
0x01f4 1 0 0 1
0x01f4 1 0 0 1
0x01f4 1 0 0 1
0x01f4 1 0 0 1
0x01f4 1 0 0 1
0x01f4 1 0 0 1
0x01f4 1 0 0 1
0x01f4 1 0 0 1
0x01f4 1 0 0 1
0x01f4 1 0 0 1
0x01f4 1 0 0 1
0x01f4 1 0 0 1
0x01f4 1 0 0 1
0x01f4 1 0 0 1
0x01f4 1 0 0 1
0x01f4 1 0 0 1
0x01f4 1 0 0 1
0x01f4 1 0 0 1
0x01f4 1 0 0 1
0x01f4 1 0 0 1
0x01f4 1 1 1 1
0x0221 1 0 0 1
0x0234 1 0 0 1
0x024d 1 0 0 1
0x026b 1 0 0 1
0x028b 1 0 0 1
0x02ad 1 0 0 1
0x02ce 1 0 0 1
0x02eb 1 0 0 1
0x0300 1 0 0 1
0x030c 1 0 0 1
0x030c 1 0 0 1
0x0302 1 0 0 1
0x02ee 1 0 0 1
0x02d2 1 0 0 1
0x02b2 1 0 0 1
0x0290 1 0 0 1
0x026f 1 0 0 1
0x0251 1 0 0 1
0x0237 1 0 0 1
0x0223 1 0 0 1
0x0213 1 0 0 1
0x0208 1 0 0 1
0x0200 1 0 0 1
0x01fb 1 0 0 1
0x01f8 1 0 0 1
0x01f6 1 0 0 1
0x01f5 1 0 0 1
0x01f4 1 0 0 1
0x01f4 1 0 0 1
0x01f4 1 0 0 1
0x01f4 1 0 0 1
0x01f4 1 0 0 1
0x01f4 1 0 0 1
0x01f4 1 0 0 1
0x01f4 1 0 0 1
0x01f4 1 0 0 1
0x01f4 1 0 0 1
0x01f4 1 0 0 1
0x01f4 1 0 0 1
0x01f4 1 0 0 1
0x01f4 1 0 0 1
0x01f4 1 0 0 1
0x01f4 1 0 0 1
0x01f4 1 0 0 1
0x01f4 1 0 0 1
0x01f4 1 0 0 1
0x01f4 1 0 0 1
0x01f4 1 0 0 1
0x01f4 1 0 0 1
0x01f4 1 0 0 1
0x01f4 1 0 0 1
0x01f4 1 0 0 1
0x01f4 1 0 0 1
0x01f4 1 0 0 1
0x01f4 1 0 0 1
0x01f4 1 0 0 1
0x01f4 1 0 0 1
0x01f4 1 0 0 1
0x01f4 1 0 0 1
0x01f4 1 0 0 1
0x01f4 1 0 0 1
0x01f4 1 0 0 1
0x01f4 1 0 0 1
0x01f4 1 1 1 1
0x01f4 1 0 0 1
0x01f4 1 0 0 1
0x01f4 1 0 0 1
0x01f4 1 0 0 1
0x01f4 1 0 0 1
0x01f4 1 0 0 1
0x01f4 1 0 0 1
0x01f4 1 0 0 1
0x01f4 1 0 0 1
0x01f4 1 0 0 1
0x01f4 1 0 0 1
0x01f4 1 0 0 1
0x01f4 1 0 0 1
0x01f4 1 0 0 1
0x01f4 1 0 0 1
0x01f4 1 0 0 1
0x01f4 1 0 0 1
0x01f4 1 0 0 1
0x01f4 1 0 0 1
0x01f4 1 0 0 1
0x01f4 1 0 0 1
0x01f4 1 0 0 1
0x01f4 1 0 0 1
0x01f4 1 0 0 1
0x01f4 1 0 0 1
0x01f4 1 0 0 1
0x01f4 1 0 0 1
0x01f4 1 0 0 1
0x01f4 1 0 0 1
0x01f4 1 0 0 1
0x01f4 1 0 0 1
0x01f4 1 0 0 1
0x01f4 1 0 0 1
0x01f4 1 0 0 1
0x01f4 1 0 0 1
0x01f4 1 0 0 1
0x01f4 1 0 0 1
0x01f4 1 0 0 1
0x01f4 1 0 0 1
0x01f4 1 0 0 1
0x01f4 1 0 0 1
0x01f4 1 0 0 1
0x01f4 1 0 0 1
0x01f4 1 0 0 1
0x01f4 1 0 0 1
0x01f4 1 0 0 1
0x01f4 1 0 0 1
0x01f5 1 0 0 1
0x01f6 1 0 0 1
0x01f9 1 0 0 1
0x01fc 1 0 0 1
0x0202 1 0 0 1
0x020b 1 0 0 1
0x0217 1 0 0 1
0x0228 1 0 0 1
0x023e 1 0 0 1
0x0258 1 0 0 1
0x0277 1 0 0 1
0x0299 1 0 0 1
0x02bc 1 0 0 1
0x02dc 1 0 0 1
0x02f7 1 0 0 1
0x0309 1 0 0 1
0x0311 1 1 1 1
0x01f4 1 0 0 1
0x01f4 1 0 0 1
0x01f4 1 0 0 1
0x01f4 1 0 0 1
0x01f4 1 0 0 1
0x01f4 1 0 0 1
0x01f4 1 0 0 1
0x01f4 1 0 0 1
0x01f4 1 0 0 1
0x01f4 1 0 0 1
0x01f4 1 0 0 1
0x01f4 1 0 0 1
0x01f4 1 0 0 1
0x01f4 1 0 0 1
0x01f4 1 0 0 1
0x01f4 1 0 0 1
0x01f4 1 0 0 1
0x01f4 1 0 0 1
0x01f4 1 0 0 1
0x01f4 1 0 0 1
0x01f4 1 0 0 1
0x01f4 1 0 0 1
0x01f4 1 0 0 1
0x01f5 1 0 0 1
0x01f6 1 0 0 1
0x01f8 1 0 0 1
0x01fc 1 0 0 1
0x0201 1 0 0 1
0x0209 1 0 0 1
0x0215 1 0 0 1
0x0226 1 0 0 1
0x023b 1 0 0 1
0x0256 1 0 0 1
0x0275 1 0 0 1
0x0297 1 0 0 1
0x02ba 1 0 0 1
0x02db 1 0 0 1
0x02f7 1 0 0 1
0x030b 1 0 0 1
0x0315 1 0 0 1
0x0313 1 0 0 1
0x0306 1 0 0 1
0x02f0 1 0 0 1
0x02d2 1 0 0 1
0x02b0 1 0 0 1
0x028d 1 0 0 1
0x026b 1 0 0 1
0x024e 1 0 0 1
0x0235 1 0 0 1
0x0221 1 0 0 1
0x0212 1 0 0 1
0x0207 1 0 0 1
0x01ff 1 0 0 1
0x01fb 1 0 0 1
0x01f7 1 0 0 1
0x01f6 1 0 0 1
0x01f5 1 0 0 1
0x01f4 1 0 0 1
0x01f4 1 0 0 1
0x01f4 1 0 0 1
0x01f4 1 0 0 1
0x01f4 1 0 0 1
0x01f4 1 0 0 1
0x01f4 1 1 1 1
0x01f4 1 0 0 1
0x01f4 1 0 0 1
0x01f4 1 0 0 1
0x01f4 1 0 0 1
0x01f4 1 0 0 1
0x01f4 1 0 0 1
0x01f4 1 0 0 1
0x01f4 1 0 0 1
0x01f4 1 0 0 1
0x01f4 1 0 0 1
0x01f4 1 0 0 1
0x01f4 1 0 0 1
0x01f4 1 0 0 1
0x01f4 1 0 0 1
0x01f4 1 0 0 1
0x01f4 1 0 0 1
0x01f4 1 0 0 1
0x01f4 1 0 0 1
0x01f4 1 0 0 1
0x01f4 1 0 0 1
0x01f4 1 0 0 1
0x01f4 1 0 0 1
0x01f4 1 0 0 1
0x01f4 1 0 0 1
0x01f4 1 0 0 1
0x01f4 1 0 0 1
0x01f4 1 0 0 1
0x01f4 1 0 0 1
0x01f4 1 0 0 1
0x01f4 1 0 0 1
0x01f4 1 0 0 1
0x01f4 1 0 0 1
0x01f4 1 0 0 1
0x01f4 1 0 0 1
0x01f4 1 0 0 1
0x01f4 1 0 0 1
0x01f4 1 0 0 1
0x01f4 1 0 0 1
0x01f4 1 0 0 1
0x01f4 1 0 0 1
0x01f4 1 0 0 1
0x01f4 1 0 0 1
0x01f5 1 0 0 1
0x01f7 1 0 0 1
0x01f9 1 0 0 1
0x01fd 1 0 0 1
0x0204 1 0 0 1
0x020d 1 0 0 1
0x021b 1 0 0 1
0x022d 1 0 0 1
0x0244 1 0 0 1
0x0261 1 0 0 1
0x0281 1 0 0 1
0x02a4 1 0 0 1
0x02c8 1 0 0 1
0x02e8 1 0 0 1
0x0302 1 0 0 1
0x0313 1 0 0 1
0x0319 1 0 0 1
0x0314 1 0 0 1
0x0304 1 0 0 1
0x02ea 1 0 0 1
0x02ca 1 0 0 1
0x02a7 1 1 1 1
0x01f4 1 0 0 1
0x01f4 1 0 0 1
0x01f4 1 0 0 1
0x01f4 1 0 0 1
0x01f4 1 0 0 1
0x01f4 1 0 0 1
0x01f4 1 0 0 1
0x01f4 1 0 0 1
0x01f4 1 0 0 1
0x01f4 1 0 0 1
0x01f4 1 0 0 1
0x01f4 1 0 0 1
0x01f4 1 0 0 1
0x01f4 1 0 0 1
0x01f4 1 0 0 1
0x01f4 1 0 0 1
0x01f4 1 0 0 1
0x01f5 1 0 0 1
0x01f7 1 0 0 1
0x01f9 1 0 0 1
0x01fd 1 0 0 1
0x0204 1 0 0 1
0x020d 1 0 0 1
0x021a 1 0 0 1
0x022d 1 0 0 1
0x0244 1 0 0 1
0x0261 1 0 0 1
0x0282 1 0 0 1
0x02a5 1 0 0 1
0x02c9 1 0 0 1
0x02ea 1 0 0 1
0x0305 1 0 0 1
0x0317 1 0 0 1
0x031d 1 0 0 1
0x0319 1 0 0 1
0x0308 1 0 0 1
0x02ef 1 0 0 1
0x02cf 1 0 0 1
0x02ab 1 0 0 1
0x0287 1 0 0 1
0x0266 1 0 0 1
0x0249 1 0 0 1
0x0230 1 0 0 1
0x021d 1 0 0 1
0x020f 1 0 0 1
0x0205 1 0 0 1
0x01fe 1 0 0 1
0x01fa 1 0 0 1
0x01f7 1 0 0 1
0x01f5 1 0 0 1
0x01f4 1 0 0 1
0x01f4 1 0 0 1
0x01f4 1 0 0 1
0x01f4 1 0 0 1
0x01f4 1 0 0 1
0x01f4 1 0 0 1
0x01f4 1 0 0 1
0x01f4 1 0 0 1
0x01f4 1 0 0 1
0x01f4 1 0 0 1
0x01f4 1 0 0 1
0x01f4 1 0 0 1
0x01f4 1 0 0 1
0x01f4 1 1 1 1
0x01f5 1 0 0 1
0x01f6 1 0 0 1
0x01f7 1 0 0 1
0x01fa 1 0 0 1
0x01ff 1 0 0 1
0x0206 1 0 0 1
0x0211 1 0 0 1
0x0220 1 0 0 1
0x0234 1 0 0 1
0x024e 1 0 0 1
0x026c 1 0 0 1
0x028f 1 0 0 1
0x02b3 1 0 0 1
0x02d7 1 0 0 1
0x02f6 1 0 0 1
0x030f 1 0 0 1
0x031e 1 0 0 1
0x0321 1 0 0 1
0x0319 1 0 0 1
0x0305 1 0 0 1
0x02e9 1 0 0 1
0x02c7 1 0 0 1
0x02a2 1 0 0 1
0x027f 1 0 0 1
0x025e 1 0 0 1
0x0241 1 0 0 1
0x022a 1 0 0 1
0x0219 1 0 0 1
0x020c 1 0 0 1
0x0203 1 0 0 1
0x01fd 1 0 0 1
0x01f9 1 0 0 1
0x01f6 1 0 0 1
0x01f5 1 0 0 1
0x01f4 1 0 0 1
0x01f4 1 0 0 1
0x01f4 1 0 0 1
0x01f4 1 0 0 1
0x01f4 1 0 0 1
0x01f4 1 0 0 1
0x01f4 1 0 0 1
0x01f4 1 0 0 1
0x01f4 1 0 0 1
0x01f4 1 0 0 1
0x01f4 1 0 0 1
0x01f4 1 0 0 1
0x01f4 1 0 0 1
0x01f4 1 0 0 1
0x01f4 1 0 0 1
0x01f4 1 0 0 1
0x01f4 1 0 0 1
0x01f4 1 0 0 1
0x01f4 1 0 0 1
0x01f4 1 0 0 1
0x01f4 1 0 0 1
0x01f4 1 0 0 1
0x01f4 1 0 0 1
0x01f4 1 0 0 1
0x01f4 1 0 0 1
0x01f4 1 0 0 1
0x01f4 1 0 0 1
0x01f4 1 0 0 1
0x01f4 1 0 0 1
0x01f4 1 1 1 1
